points
0 0.3680 2.0732
1 1.9620 2.6546
2 0.9429 1.5716
3 1.8474 5.4263
4 1.1629 0.1566
5 1.2974 4.8090
6 1.1979 0.8528
7 0.6657 4.7794
8 0.5796 3.4618
9 1.7005 4.6701
10 2.8707 1.3751
11 1.4795 3.2588
12 1.7190 3.4886
13 2.0455 3.9513
14 2.2047 3.6676
15 1.1035 5.2125
16 2.5452 6.0658
17 1.0520 0.7536
18 0.9656 5.5835
19 2.8845 3.2496
20 2.5448 2.1901
21 1.1209 1.4541
22 1.5394 2.4461
23 2.9636 3.5560
24 2.6478 3.4982
25 1.1793 5.7933
26 2.1546 4.7980
27 1.4519 2.1956
28 1.2001 1.0633
29 2.8460 0.7225
30 2.1012 1.5902
31 2.6663 4.1885
32 0.9727 1.2357
33 2.1811 2.7270
34 0.5928 4.8389
35 2.6961 6.2761
36 0.7035 1.4688
37 1.0011 3.7887
38 1.8195 1.3974
39 0.8472 3.5396
40 2.1631 3.0045
41 1.5416 3.4856
42 1.0282 5.8186
43 2.5122 3.5228
44 0.6276 5.5450
45 1.9298 5.3296
46 0.7542 3.8971
47 1.6005 2.2248
48 2.2573 1.8939
49 2.1849 5.6688
50 0.5416 4.6452
51 2.5018 1.1955
52 2.8119 0.8256
53 2.1975 3.7457
54 1.2741 6.0457
55 0.8217 0.8355
56 1.4513 4.0519
57 1.9557 4.2863
58 1.7132 3.7192
59 1.0306 4.1861
60 1.5197 5.7711
61 1.5997 3.8330
62 1.6483 0.1843
63 2.7605 2.2346
64 1.2255 4.7264
65 1.0653 2.5279
66 1.5539 0.9988
67 1.7571 2.9192
68 1.1382 2.4244
69 0.4981 4.0475
70 1.2620 1.3839
71 2.1583 4.9539
72 2.3895 2.9209
73 1.5120 2.7400
74 0.4813 4.4828
75 0.6512 3.3379
76 1.8379 3.8754
77 0.7707 1.0726
78 1.8674 0.6623
79 1.6235 6.1379
80 2.3678 4.9273
81 1.3268 2.1939
82 2.6602 6.1061
83 2.2492 1.4673
84 1.2821 5.4949
85 2.4271 4.4341
86 0.6259 4.1145
87 1.5591 6.0314
88 0.7066 6.0617
89 1.3613 1.1091
90 1.9353 3.1311
91 1.9993 1.9490
92 0.6923 5.3347
93 1.5326 4.7830
94 2.7115 0.0455
95 2.0672 5.1026
96 2.1931 0.7372
97 0.8265 4.6157
98 0.6064 6.1265
99 2.7827 2.8074

edges
0 0 0 0 0 0 0 0 1 0 0 0 0 0 0 0 0 0 0 0 0 0 0 0 0 0 0 0 0 0 0 0 0 0 0 0 1 0 0 0 0 0 0 0 0 0 0 0 0 0 0 0 0 0 0 0 0 0 0 0 0 0 0 0 0 0 0 0 0 0 0 0 0 0 0 0 0 0 0 0 0 0 0 0 0 0 0 0 0 0 0 0 0 0 0 0 0 0 0 0 
0 0 0 0 0 0 0 0 0 0 0 0 0 0 0 0 0 0 0 0 0 0 0 0 0 0 0 0 0 0 0 0 0 1 0 0 0 0 0 0 0 0 0 0 0 0 0 0 0 0 0 0 0 0 0 0 0 0 0 0 0 0 0 0 0 0 0 1 0 0 0 0 0 0 0 0 0 0 0 0 0 0 0 0 0 0 0 0 0 0 0 0 0 0 0 0 0 0 0 0 
0 0 0 0 0 0 0 0 0 0 0 0 0 0 0 0 0 0 0 0 0 1 0 0 0 0 0 0 0 0 0 0 0 0 0 0 1 0 0 0 0 0 0 0 0 0 0 0 0 0 0 0 0 0 0 0 0 0 0 0 0 0 0 0 0 0 0 0 0 0 0 0 0 0 0 0 0 0 0 0 0 1 0 0 0 0 0 0 0 0 0 0 0 0 0 0 0 0 0 0 
0 0 0 0 0 0 0 0 0 0 0 0 0 0 0 0 0 0 0 0 0 0 0 0 0 0 0 0 0 0 0 0 0 0 0 0 0 0 0 0 0 0 0 0 0 1 0 0 0 0 0 0 0 0 0 0 0 0 0 0 1 0 0 0 0 0 0 0 0 0 0 0 0 0 0 0 0 0 0 0 0 0 0 0 0 0 0 0 0 0 0 0 0 0 0 0 0 0 0 0 
0 0 0 0 0 0 0 0 0 0 0 0 0 0 0 0 0 1 0 0 0 0 0 0 0 0 0 0 0 0 0 0 0 0 0 0 0 0 0 0 0 0 0 0 0 0 0 0 0 0 0 0 0 0 1 0 0 0 0 0 0 0 1 0 0 0 0 0 0 0 0 0 0 0 0 0 0 0 0 0 0 0 0 0 0 0 0 0 1 0 0 0 0 0 0 0 0 0 0 0 
0 0 0 0 0 0 0 0 0 0 0 0 0 0 0 1 0 0 0 0 0 0 0 0 0 0 0 0 0 0 0 0 0 0 0 0 0 0 0 0 0 0 0 0 0 0 0 0 0 0 0 0 0 0 0 0 0 0 0 0 0 0 0 0 1 0 0 0 0 0 0 0 0 0 0 0 0 0 0 0 0 0 0 0 0 0 0 0 0 0 0 0 0 1 0 0 0 0 0 0 
0 0 0 0 0 0 0 0 0 0 0 0 0 0 0 0 0 1 0 0 0 0 0 0 0 0 0 0 1 0 0 0 0 0 0 0 0 0 0 0 0 0 0 0 0 0 0 0 0 0 0 0 0 0 0 0 0 0 0 0 0 0 0 0 0 0 0 0 0 0 0 0 0 0 0 0 0 0 0 0 0 0 0 0 0 0 0 0 0 0 0 0 0 0 0 0 0 0 0 0 
0 0 0 0 0 0 0 0 0 0 0 0 0 0 0 0 0 0 0 0 0 0 0 0 0 0 0 0 0 0 0 0 0 0 1 0 0 0 0 0 0 0 0 0 0 0 0 0 0 0 0 0 0 0 0 0 0 0 0 0 0 0 0 0 0 0 0 0 0 0 0 0 0 0 0 0 0 0 0 0 0 0 0 0 0 0 0 0 0 0 0 0 0 0 0 0 0 1 0 0 
1 0 0 0 0 0 0 0 0 0 0 0 0 0 0 0 0 0 0 0 0 0 0 0 0 0 0 0 0 0 0 0 0 0 0 0 0 0 0 0 0 0 0 0 0 0 0 0 0 0 0 0 0 0 0 0 0 0 0 0 0 0 0 0 0 0 0 0 0 1 0 0 0 0 0 1 0 0 0 0 0 0 0 0 0 0 0 0 0 0 0 0 0 0 0 0 0 0 0 0 
0 0 0 0 0 0 0 0 0 0 0 0 0 0 0 0 0 0 0 0 0 0 0 0 0 0 1 0 0 0 0 0 0 0 0 0 0 0 0 0 0 0 0 0 0 0 0 0 0 0 0 0 0 0 0 0 0 1 0 0 0 0 0 0 0 0 0 0 0 0 0 0 0 0 0 0 0 0 0 0 0 0 0 0 0 0 0 0 0 0 0 0 0 1 0 0 0 0 0 0 
0 0 0 0 0 0 0 0 0 0 0 0 0 0 0 0 0 0 0 0 0 0 0 0 0 0 0 0 0 0 0 0 0 0 0 0 0 0 0 0 0 0 0 0 0 0 0 0 0 0 0 0 1 0 0 0 0 0 0 0 0 0 0 1 0 0 0 0 0 0 0 0 0 0 0 0 0 0 0 0 0 0 0 0 0 0 0 0 0 0 0 0 0 0 0 0 0 0 0 0 
0 0 0 0 0 0 0 0 0 0 0 0 0 0 0 0 0 0 0 0 0 0 0 0 0 0 0 0 0 0 0 0 0 0 0 0 0 0 0 1 0 1 0 0 0 0 0 0 0 0 0 0 0 0 0 0 0 0 0 0 0 0 0 0 0 0 0 1 0 0 0 0 0 0 0 0 0 0 0 0 0 0 0 0 0 0 0 0 0 0 0 0 0 0 0 0 0 0 0 0 
0 0 0 0 0 0 0 0 0 0 0 0 0 0 0 0 0 0 0 0 0 0 0 0 0 0 0 0 0 0 0 0 0 0 0 0 0 0 0 0 0 1 0 0 0 0 0 0 0 0 0 0 0 0 0 0 0 0 1 0 0 0 0 0 0 0 0 0 0 0 0 0 0 0 0 0 0 0 0 0 0 0 0 0 0 0 0 0 0 0 1 0 0 0 0 0 0 0 0 0 
0 0 0 0 0 0 0 0 0 0 0 0 0 0 0 0 0 0 0 0 0 0 0 0 0 0 0 0 0 0 0 0 0 0 0 0 0 0 0 0 0 0 0 0 0 0 0 0 0 0 0 0 0 1 0 0 0 1 0 0 0 0 0 0 0 0 0 0 0 0 0 0 0 0 0 0 1 0 0 0 0 0 0 0 0 0 0 0 0 0 0 0 0 0 0 0 0 0 0 0 
0 0 0 0 0 0 0 0 0 0 0 0 0 0 0 0 0 0 0 0 0 0 0 0 0 0 0 0 0 0 0 0 0 0 0 0 0 0 0 0 0 0 0 1 0 0 0 0 0 0 0 0 0 1 0 0 0 0 0 0 0 0 0 0 0 0 0 0 0 0 0 0 0 0 0 0 0 0 0 0 0 0 0 0 0 0 0 0 0 0 0 0 0 0 0 0 0 0 0 0 
0 0 0 0 0 1 0 0 0 0 0 0 0 0 0 0 0 0 0 0 0 0 0 0 0 0 0 0 0 0 0 0 0 0 0 0 0 0 0 0 0 0 0 0 0 0 0 0 0 0 0 0 0 0 0 0 0 0 0 0 0 0 0 0 0 0 0 0 0 0 0 0 0 0 0 0 0 0 0 0 0 0 0 0 1 0 0 0 0 0 0 0 0 0 0 0 0 0 0 0 
0 0 0 0 0 0 0 0 0 0 0 0 0 0 0 0 0 0 0 0 0 0 0 0 0 0 0 0 0 0 0 0 0 0 0 0 0 0 0 0 0 0 0 0 0 0 0 0 0 1 0 0 0 0 0 0 0 0 0 0 0 0 0 0 0 0 0 0 0 0 0 0 0 0 0 0 0 0 0 0 0 0 1 0 0 0 0 0 0 0 0 0 0 0 0 0 0 0 0 0 
0 0 0 0 1 0 1 0 0 0 0 0 0 0 0 0 0 0 0 0 0 0 0 0 0 0 0 0 0 0 0 0 0 0 0 0 0 0 0 0 0 0 0 0 0 0 0 0 0 0 0 0 0 0 0 1 0 0 0 0 0 0 0 0 0 0 0 0 0 0 0 0 0 0 0 0 0 0 0 0 0 0 0 0 0 0 0 0 0 0 0 0 0 0 0 0 0 0 0 0 
0 0 0 0 0 0 0 0 0 0 0 0 0 0 0 0 0 0 0 0 0 0 0 0 0 0 0 0 0 0 0 0 0 0 0 0 0 0 0 0 0 0 1 0 0 0 0 0 0 0 0 0 0 0 0 0 0 0 0 0 0 0 0 0 0 0 0 0 0 0 0 0 0 0 0 0 0 0 0 0 0 0 0 0 0 0 0 0 0 0 0 0 1 0 0 0 0 0 0 0 
0 0 0 0 0 0 0 0 0 0 0 0 0 0 0 0 0 0 0 0 0 0 0 1 1 0 0 0 0 0 0 0 0 0 0 0 0 0 0 0 0 0 0 0 0 0 0 0 0 0 0 0 0 0 0 0 0 0 0 0 0 0 0 0 0 0 0 0 0 0 0 0 0 0 0 0 0 0 0 0 0 0 0 0 0 0 0 0 0 0 0 0 0 0 0 0 0 0 0 1 
0 0 0 0 0 0 0 0 0 0 0 0 0 0 0 0 0 0 0 0 0 0 0 0 0 0 0 0 0 0 0 0 0 0 0 0 0 0 0 0 0 0 0 0 0 0 0 0 1 0 0 0 0 0 0 0 0 0 0 0 0 0 0 1 0 0 0 0 0 0 0 0 0 0 0 0 0 0 0 0 0 0 0 0 0 0 0 0 0 0 0 0 0 0 0 0 0 0 0 0 
0 0 1 0 0 0 0 0 0 0 0 0 0 0 0 0 0 0 0 0 0 0 0 0 0 0 0 0 0 0 0 0 1 0 0 0 0 0 0 0 0 0 0 0 0 0 0 0 0 0 0 0 0 0 0 0 0 0 0 0 0 0 0 0 0 0 0 0 0 0 1 0 0 0 0 0 0 0 0 0 0 0 0 0 0 0 0 0 0 0 0 0 0 0 0 0 0 0 0 0 
0 0 0 0 0 0 0 0 0 0 0 0 0 0 0 0 0 0 0 0 0 0 0 0 0 0 0 0 0 0 0 0 0 0 0 0 0 0 0 0 0 0 0 0 0 0 0 1 0 0 0 0 0 0 0 0 0 0 0 0 0 0 0 0 0 0 0 0 0 0 0 0 0 1 0 0 0 0 0 0 0 0 0 0 0 0 0 0 0 0 0 0 0 0 0 0 0 0 0 0 
0 0 0 0 0 0 0 0 0 0 0 0 0 0 0 0 0 0 0 1 0 0 0 0 0 0 0 0 0 0 0 0 0 0 0 0 0 0 0 0 0 0 0 0 0 0 0 0 0 0 0 0 0 0 0 0 0 0 0 0 0 0 0 0 0 0 0 0 0 0 0 0 0 0 0 0 0 0 0 0 0 0 0 0 0 0 0 0 0 0 0 0 0 0 0 0 0 0 0 0 
0 0 0 0 0 0 0 0 0 0 0 0 0 0 0 0 0 0 0 1 0 0 0 0 0 0 0 0 0 0 0 1 0 0 0 0 0 0 0 0 0 0 0 1 0 0 0 0 0 0 0 0 0 0 0 0 0 0 0 0 0 0 0 0 0 0 0 0 0 0 0 0 0 0 0 0 0 0 0 0 0 0 0 0 0 0 0 0 0 0 0 0 0 0 0 0 0 0 0 0 
0 0 0 0 0 0 0 0 0 0 0 0 0 0 0 0 0 0 0 0 0 0 0 0 0 0 0 0 0 0 0 0 0 0 0 0 0 0 0 0 0 0 1 0 0 0 0 0 0 0 0 0 0 0 1 0 0 0 0 0 1 0 0 0 0 0 0 0 0 0 0 0 0 0 0 0 0 0 0 0 0 0 0 0 1 0 0 0 0 0 0 0 0 0 0 0 0 0 0 0 
0 0 0 0 0 0 0 0 0 1 0 0 0 0 0 0 0 0 0 0 0 0 0 0 0 0 0 0 0 0 0 0 0 0 0 0 0 0 0 0 0 0 0 0 0 0 0 0 0 0 0 0 0 0 0 0 0 0 0 0 0 0 0 0 0 0 0 0 0 0 0 1 0 0 0 0 0 0 0 0 0 0 0 0 0 0 0 0 0 0 0 0 0 0 0 0 0 0 0 0 
0 0 0 0 0 0 0 0 0 0 0 0 0 0 0 0 0 0 0 0 0 0 0 0 0 0 0 0 0 0 0 0 0 0 0 0 0 0 0 0 0 0 0 0 0 0 0 1 0 0 0 0 0 0 0 0 0 0 0 0 0 0 0 0 0 0 0 0 0 0 0 0 0 0 0 0 0 0 0 0 0 1 0 0 0 0 0 0 0 0 0 0 0 0 0 0 0 0 0 0 
0 0 0 0 0 0 1 0 0 0 0 0 0 0 0 0 0 0 0 0 0 0 0 0 0 0 0 0 0 0 0 0 1 0 0 0 0 0 0 0 0 0 0 0 0 0 0 0 0 0 0 0 0 0 0 0 0 0 0 0 0 0 0 0 0 0 0 0 0 0 0 0 0 0 0 0 0 0 0 0 0 0 0 0 0 0 0 0 0 1 0 0 0 0 0 0 0 0 0 0 
0 0 0 0 0 0 0 0 0 0 0 0 0 0 0 0 0 0 0 0 0 0 0 0 0 0 0 0 0 0 0 0 0 0 0 0 0 0 0 0 0 0 0 0 0 0 0 0 0 0 0 0 1 0 0 0 0 0 0 0 0 0 0 0 0 0 0 0 0 0 0 0 0 0 0 0 0 0 0 0 0 0 0 0 0 0 0 0 0 0 0 0 0 0 1 0 0 0 0 0 
0 0 0 0 0 0 0 0 0 0 0 0 0 0 0 0 0 0 0 0 0 0 0 0 0 0 0 0 0 0 0 0 0 0 0 0 0 0 1 0 0 0 0 0 0 0 0 0 1 0 0 0 0 0 0 0 0 0 0 0 0 0 0 0 0 0 0 0 0 0 0 0 0 0 0 0 0 0 0 0 0 0 0 1 0 0 0 0 0 0 0 0 0 0 0 0 0 0 0 0 
0 0 0 0 0 0 0 0 0 0 0 0 0 0 0 0 0 0 0 0 0 0 0 0 1 0 0 0 0 0 0 0 0 0 0 0 0 0 0 0 0 0 0 0 0 0 0 0 0 0 0 0 0 0 0 0 0 0 0 0 0 0 0 0 0 0 0 0 0 0 0 0 0 0 0 0 0 0 0 0 0 0 0 0 0 1 0 0 0 0 0 0 0 0 0 0 0 0 0 0 
0 0 0 0 0 0 0 0 0 0 0 0 0 0 0 0 0 0 0 0 0 1 0 0 0 0 0 0 1 0 0 0 0 0 0 0 0 0 0 0 0 0 0 0 0 0 0 0 0 0 0 0 0 0 0 0 0 0 0 0 0 0 0 0 0 0 0 0 0 0 0 0 0 0 0 0 0 1 0 0 0 0 0 0 0 0 0 0 0 0 0 0 0 0 0 0 0 0 0 0 
0 1 0 0 0 0 0 0 0 0 0 0 0 0 0 0 0 0 0 0 0 0 0 0 0 0 0 0 0 0 0 0 0 0 0 0 0 0 0 0 1 0 0 0 0 0 0 0 0 0 0 0 0 0 0 0 0 0 0 0 0 0 0 0 0 0 0 0 0 0 0 0 0 0 0 0 0 0 0 0 0 0 0 0 0 0 0 0 0 0 0 0 0 0 0 0 0 0 0 0 
0 0 0 0 0 0 0 1 0 0 0 0 0 0 0 0 0 0 0 0 0 0 0 0 0 0 0 0 0 0 0 0 0 0 0 0 0 0 0 0 0 0 0 0 0 0 0 0 0 0 1 0 0 0 0 0 0 0 0 0 0 0 0 0 0 0 0 0 0 0 0 0 0 0 0 0 0 0 0 0 0 0 0 0 0 0 0 0 0 0 0 0 1 0 0 0 0 0 0 0 
0 0 0 0 0 0 0 0 0 0 0 0 0 0 0 0 0 0 0 0 0 0 0 0 0 0 0 0 0 0 0 0 0 0 0 0 0 0 0 0 0 0 0 0 0 0 0 0 0 0 0 0 0 0 0 0 0 0 0 0 0 0 0 0 0 0 0 0 0 0 0 0 0 0 0 0 0 0 0 0 0 0 1 0 0 0 0 0 0 0 0 0 0 0 1 0 0 0 0 0 
1 0 1 0 0 0 0 0 0 0 0 0 0 0 0 0 0 0 0 0 0 0 0 0 0 0 0 0 0 0 0 0 0 0 0 0 0 0 0 0 0 0 0 0 0 0 0 0 0 0 0 0 0 0 0 0 0 0 0 0 0 0 0 0 0 0 0 0 0 0 0 0 0 0 0 0 0 1 0 0 0 0 0 0 0 0 0 0 0 0 0 0 0 0 0 0 0 0 0 0 
0 0 0 0 0 0 0 0 0 0 0 0 0 0 0 0 0 0 0 0 0 0 0 0 0 0 0 0 0 0 0 0 0 0 0 0 0 0 0 1 0 0 0 0 0 0 1 0 0 0 0 0 0 0 0 0 0 0 0 1 0 0 0 0 0 0 0 0 0 0 0 0 0 0 0 0 0 0 0 0 0 0 0 0 0 0 0 0 0 0 0 0 0 0 0 0 0 0 0 0 
0 0 0 0 0 0 0 0 0 0 0 0 0 0 0 0 0 0 0 0 0 0 0 0 0 0 0 0 0 0 1 0 0 0 0 0 0 0 0 0 0 0 0 0 0 0 0 0 0 0 0 0 0 0 0 0 0 0 0 0 0 0 0 0 0 0 1 0 0 0 0 0 0 0 0 0 0 0 0 0 0 0 0 0 0 0 0 0 0 0 0 0 0 0 0 0 0 0 0 0 
0 0 0 0 0 0 0 0 0 0 0 1 0 0 0 0 0 0 0 0 0 0 0 0 0 0 0 0 0 0 0 0 0 0 0 0 0 1 0 0 0 0 0 0 0 0 0 0 0 0 0 0 0 0 0 0 0 0 0 0 0 0 0 0 0 0 0 0 0 0 0 0 0 0 0 1 0 0 0 0 0 0 0 0 0 0 0 0 0 0 0 0 0 0 0 0 0 0 0 0 
0 0 0 0 0 0 0 0 0 0 0 0 0 0 0 0 0 0 0 0 0 0 0 0 0 0 0 0 0 0 0 0 0 1 0 0 0 0 0 0 0 0 0 0 0 0 0 0 0 0 0 0 0 0 0 0 0 0 0 0 0 0 0 0 0 0 0 0 0 0 0 0 1 0 0 0 0 0 0 0 0 0 0 0 0 0 0 0 0 0 1 0 0 0 0 0 0 0 0 0 
0 0 0 0 0 0 0 0 0 0 0 1 1 0 0 0 0 0 0 0 0 0 0 0 0 0 0 0 0 0 0 0 0 0 0 0 0 0 0 0 0 0 0 0 0 0 0 0 0 0 0 0 0 0 0 0 0 0 0 0 0 0 0 0 0 0 0 0 0 0 0 0 0 0 0 0 0 0 0 0 0 0 0 0 0 0 0 0 0 0 0 0 0 0 0 0 0 0 0 0 
0 0 0 0 0 0 0 0 0 0 0 0 0 0 0 0 0 0 1 0 0 0 0 0 0 1 0 0 0 0 0 0 0 0 0 0 0 0 0 0 0 0 0 0 0 0 0 0 0 0 0 0 0 0 0 0 0 0 0 0 0 0 0 0 0 0 0 0 0 0 0 0 0 0 0 0 0 0 0 0 0 0 0 0 0 0 0 0 1 0 0 0 0 0 0 0 0 0 0 0 
0 0 0 0 0 0 0 0 0 0 0 0 0 0 1 0 0 0 0 0 0 0 0 0 1 0 0 0 0 0 0 0 0 0 0 0 0 0 0 0 0 0 0 0 0 0 0 0 0 0 0 0 0 0 0 0 0 0 0 0 0 0 0 0 0 0 0 0 0 0 0 0 1 0 0 0 0 0 0 0 0 0 0 0 0 0 0 0 0 0 0 0 0 0 0 0 0 0 0 0 
0 0 0 0 0 0 0 0 0 0 0 0 0 0 0 0 0 0 0 0 0 0 0 0 0 0 0 0 0 0 0 0 0 0 0 0 0 0 0 0 0 0 0 0 0 0 0 0 0 0 0 0 0 0 0 0 0 0 0 0 0 0 0 0 0 0 0 0 0 0 0 0 0 0 0 0 0 0 0 0 0 0 0 0 0 0 0 0 1 0 0 0 1 0 0 0 0 0 0 0 
0 0 0 1 0 0 0 0 0 0 0 0 0 0 0 0 0 0 0 0 0 0 0 0 0 0 0 0 0 0 0 0 0 0 0 0 0 0 0 0 0 0 0 0 0 0 0 0 0 1 0 0 0 0 0 0 0 0 0 0 0 0 0 0 0 0 0 0 0 0 0 0 0 0 0 0 0 0 0 0 0 0 0 0 0 0 0 0 0 0 0 0 0 0 0 1 0 0 0 0 
0 0 0 0 0 0 0 0 0 0 0 0 0 0 0 0 0 0 0 0 0 0 0 0 0 0 0 0 0 0 0 0 0 0 0 0 0 1 0 0 0 0 0 0 0 0 0 0 0 0 0 0 0 0 0 0 0 0 0 0 0 0 0 0 0 0 0 0 0 0 0 0 0 0 0 0 0 0 0 0 0 0 0 0 0 0 1 0 0 0 0 0 0 0 0 0 0 0 0 0 
0 0 0 0 0 0 0 0 0 0 0 0 0 0 0 0 0 0 0 0 0 0 1 0 0 0 0 1 0 0 0 0 0 0 0 0 0 0 0 0 0 0 0 0 0 0 0 0 0 0 0 0 0 0 0 0 0 0 0 0 0 0 0 0 0 0 0 0 0 0 0 0 0 0 0 0 0 0 0 0 0 0 0 0 0 0 0 0 0 0 0 1 0 0 0 0 0 0 0 0 
0 0 0 0 0 0 0 0 0 0 0 0 0 0 0 0 0 0 0 0 1 0 0 0 0 0 0 0 0 0 1 0 0 0 0 0 0 0 0 0 0 0 0 0 0 0 0 0 0 0 0 0 0 0 0 0 0 0 0 0 0 0 0 0 0 0 0 0 0 0 0 0 0 0 0 0 0 0 0 0 0 0 0 0 0 0 0 0 0 0 0 1 0 0 0 0 0 0 0 0 
0 0 0 0 0 0 0 0 0 0 0 0 0 0 0 0 1 0 0 0 0 0 0 0 0 0 0 0 0 0 0 0 0 0 0 0 0 0 0 0 0 0 0 0 0 1 0 0 0 0 0 0 0 0 0 0 0 0 0 0 0 0 0 0 0 0 0 0 0 0 0 0 0 0 0 0 0 0 0 0 0 0 0 0 0 0 0 0 0 0 0 0 0 0 0 0 0 0 0 0 
0 0 0 0 0 0 0 0 0 0 0 0 0 0 0 0 0 0 0 0 0 0 0 0 0 0 0 0 0 0 0 0 0 0 1 0 0 0 0 0 0 0 0 0 0 0 0 0 0 0 0 0 0 0 0 0 0 0 0 0 0 0 0 0 0 0 0 0 0 0 0 0 0 0 1 0 0 0 0 0 0 0 0 0 0 0 0 0 0 0 0 0 0 0 0 0 0 0 0 0 
0 0 0 0 0 0 0 0 0 0 0 0 0 0 0 0 0 0 0 0 0 0 0 0 0 0 0 0 0 0 0 0 0 0 0 0 0 0 0 0 0 0 0 0 0 0 0 0 0 0 0 0 1 0 0 0 0 0 0 0 0 0 0 0 0 0 0 0 0 0 0 0 0 0 0 0 0 0 0 0 0 0 0 1 0 0 0 0 0 0 0 0 0 0 0 0 1 0 0 0 
0 0 0 0 0 0 0 0 0 0 1 0 0 0 0 0 0 0 0 0 0 0 0 0 0 0 0 0 0 1 0 0 0 0 0 0 0 0 0 0 0 0 0 0 0 0 0 0 0 0 0 1 0 0 0 0 0 0 0 0 0 0 0 0 0 0 0 0 0 0 0 0 0 0 0 0 0 0 0 0 0 0 0 0 0 0 0 0 0 0 0 0 0 0 0 0 0 0 0 0 
0 0 0 0 0 0 0 0 0 0 0 0 0 1 1 0 0 0 0 0 0 0 0 0 0 0 0 0 0 0 0 0 0 0 0 0 0 0 0 0 0 0 0 0 0 0 0 0 0 0 0 0 0 0 0 0 0 0 0 0 0 0 0 0 0 0 0 0 0 0 0 0 0 0 0 0 0 0 0 0 0 0 0 0 0 0 0 0 0 0 0 0 0 0 0 0 0 0 0 0 
0 0 0 0 1 0 0 0 0 0 0 0 0 0 0 0 0 0 0 0 0 0 0 0 0 1 0 0 0 0 0 0 0 0 0 0 0 0 0 0 0 0 0 0 0 0 0 0 0 0 0 0 0 0 0 0 0 0 0 0 0 0 0 0 0 0 0 0 0 0 0 0 0 0 0 0 0 0 0 0 0 0 0 0 0 0 0 1 0 0 0 0 0 0 0 0 0 0 0 0 
0 0 0 0 0 0 0 0 0 0 0 0 0 0 0 0 0 1 0 0 0 0 0 0 0 0 0 0 0 0 0 0 0 0 0 0 0 0 0 0 0 0 0 0 0 0 0 0 0 0 0 0 0 0 0 0 0 0 0 0 0 0 0 0 0 0 0 0 0 0 0 0 0 0 0 0 0 1 0 0 0 0 0 0 0 0 0 0 0 0 0 0 0 0 0 0 0 0 0 0 
0 0 0 0 0 0 0 0 0 0 0 0 0 0 0 0 0 0 0 0 0 0 0 0 0 0 0 0 0 0 0 0 0 0 0 0 0 0 0 0 0 0 0 0 0 0 0 0 0 0 0 0 0 0 0 0 0 0 0 1 0 1 0 0 0 0 0 0 0 0 0 0 0 0 0 0 0 0 0 0 0 0 0 0 0 0 0 0 0 0 0 0 0 0 0 0 0 0 0 0 
0 0 0 0 0 0 0 0 0 1 0 0 0 1 0 0 0 0 0 0 0 0 0 0 0 0 0 0 0 0 0 0 0 0 0 0 0 0 0 0 0 0 0 0 0 0 0 0 0 0 0 0 0 0 0 0 0 0 0 0 0 0 0 0 0 0 0 0 0 0 0 0 0 0 0 0 0 0 0 0 0 0 0 0 0 1 0 0 0 0 0 0 0 0 0 0 0 0 0 0 
0 0 0 0 0 0 0 0 0 0 0 0 1 0 0 0 0 0 0 0 0 0 0 0 0 0 0 0 0 0 0 0 0 0 0 0 0 0 0 0 0 0 0 0 0 0 0 0 0 0 0 0 0 0 0 0 0 0 0 0 0 1 0 0 0 0 0 0 0 0 0 0 0 0 0 0 1 0 0 0 0 0 0 0 0 0 0 0 0 0 0 0 0 0 0 0 0 0 0 0 
0 0 0 0 0 0 0 0 0 0 0 0 0 0 0 0 0 0 0 0 0 0 0 0 0 0 0 0 0 0 0 0 0 0 0 0 0 1 0 0 0 0 0 0 0 0 0 0 0 0 0 0 0 0 0 0 1 0 0 0 0 0 0 0 0 0 0 0 0 0 0 0 0 0 0 0 0 0 0 0 0 0 0 0 0 0 0 0 0 0 0 0 0 0 0 0 0 1 0 0 
0 0 0 1 0 0 0 0 0 0 0 0 0 0 0 0 0 0 0 0 0 0 0 0 0 1 0 0 0 0 0 0 0 0 0 0 0 0 0 0 0 0 0 0 0 0 0 0 0 0 0 0 0 0 0 0 0 0 0 0 0 0 0 0 0 0 0 0 0 0 0 0 0 0 0 0 0 0 0 0 0 0 0 0 0 0 0 1 0 0 0 0 0 0 0 0 0 0 0 0 
0 0 0 0 0 0 0 0 0 0 0 0 0 0 0 0 0 0 0 0 0 0 0 0 0 0 0 0 0 0 0 0 0 0 0 0 0 0 0 0 0 0 0 0 0 0 0 0 0 0 0 0 0 0 0 0 1 0 1 0 0 0 0 0 0 0 0 0 0 0 0 0 0 0 0 0 0 0 0 0 0 0 0 0 0 0 0 0 0 0 0 0 0 0 0 0 0 0 0 0 
0 0 0 0 1 0 0 0 0 0 0 0 0 0 0 0 0 0 0 0 0 0 0 0 0 0 0 0 0 0 0 0 0 0 0 0 0 0 0 0 0 0 0 0 0 0 0 0 0 0 0 0 0 0 0 0 0 0 0 0 0 0 0 0 0 0 0 0 0 0 0 0 0 0 0 0 0 0 1 1 0 0 0 0 0 0 0 0 0 0 0 0 0 0 0 0 0 0 0 0 
0 0 0 0 0 0 0 0 0 0 1 0 0 0 0 0 0 0 0 0 1 0 0 0 0 0 0 0 0 0 0 0 0 0 0 0 0 0 0 0 0 0 0 0 0 0 0 0 0 0 0 0 0 0 0 0 0 0 0 0 0 0 0 0 0 0 0 0 0 0 0 0 0 0 0 0 0 0 0 0 0 0 0 0 0 0 0 0 0 0 0 0 0 0 0 0 0 0 0 1 
0 0 0 0 0 1 0 0 0 0 0 0 0 0 0 0 0 0 0 0 0 0 0 0 0 0 0 0 0 0 0 0 0 0 0 0 0 0 0 0 0 0 0 0 0 0 0 0 0 0 0 0 0 0 0 0 0 0 0 0 0 0 0 0 0 0 0 0 0 0 0 0 0 0 0 0 0 0 0 0 0 0 0 0 0 0 0 0 0 0 0 0 0 0 0 0 0 1 0 0 
0 0 0 0 0 0 0 0 0 0 0 0 0 0 0 0 0 0 0 0 0 0 0 0 0 0 0 0 0 0 0 0 0 0 0 0 0 0 0 0 0 0 0 0 0 0 0 0 0 0 0 0 0 0 0 0 0 0 0 0 0 0 0 0 0 0 0 0 1 0 0 0 0 0 0 1 0 0 0 0 0 0 0 0 0 0 0 0 0 0 0 0 0 0 0 0 0 0 0 0 
0 0 0 0 0 0 0 0 0 0 0 0 0 0 0 0 0 0 0 0 0 0 0 0 0 0 0 0 0 0 0 0 0 0 0 0 0 0 1 0 0 0 0 0 0 0 0 0 0 0 0 0 0 0 0 0 0 0 0 0 0 0 0 0 0 0 0 0 0 0 0 0 0 0 0 0 0 0 1 0 0 0 0 0 0 0 0 0 0 1 0 0 0 0 0 0 0 0 0 0 
0 1 0 0 0 0 0 0 0 0 0 1 0 0 0 0 0 0 0 0 0 0 0 0 0 0 0 0 0 0 0 0 0 0 0 0 0 0 0 0 0 0 0 0 0 0 0 0 0 0 0 0 0 0 0 0 0 0 0 0 0 0 0 0 0 0 0 0 0 0 0 0 0 1 0 0 0 0 0 0 0 0 0 0 0 0 0 0 0 0 1 0 0 0 0 0 0 0 0 0 
0 0 0 0 0 0 0 0 0 0 0 0 0 0 0 0 0 0 0 0 0 0 0 0 0 0 0 0 0 0 0 0 0 0 0 0 0 0 0 0 0 0 0 0 0 0 0 0 0 0 0 0 0 0 0 0 0 0 0 0 0 0 0 0 0 1 0 0 0 0 0 0 0 0 0 0 0 0 0 0 0 1 0 0 0 0 0 0 0 0 0 0 0 0 0 0 0 0 0 0 
0 0 0 0 0 0 0 0 1 0 0 0 0 0 0 0 0 0 0 0 0 0 0 0 0 0 0 0 0 0 0 0 0 0 0 0 0 0 0 0 0 0 0 0 0 0 0 0 0 0 0 0 0 0 0 0 0 0 0 0 0 0 0 0 0 0 0 0 0 0 0 0 0 0 1 0 0 0 0 0 0 0 0 0 0 0 1 0 0 0 0 0 0 0 0 0 0 0 0 0 
0 0 0 0 0 0 0 0 0 0 0 0 0 0 0 0 0 0 0 0 0 1 0 0 0 0 0 0 0 0 0 0 0 0 0 0 0 0 0 0 0 0 0 0 0 0 0 0 0 0 0 0 0 0 0 0 0 0 0 0 0 0 0 0 0 0 0 0 0 0 0 0 0 0 0 0 0 0 0 0 0 0 0 0 0 0 0 0 0 1 0 0 0 0 0 0 0 0 0 0 
0 0 0 0 0 0 0 0 0 0 0 0 0 0 0 0 0 0 0 0 0 0 0 0 0 0 1 0 0 0 0 0 0 0 0 0 0 0 0 0 0 0 0 0 0 0 0 0 0 0 0 0 0 0 0 0 0 0 0 0 0 0 0 0 0 0 0 0 0 0 0 0 0 0 0 0 0 0 0 0 1 0 0 0 0 0 0 0 0 0 0 0 0 0 0 1 0 0 0 0 
0 0 0 0 0 0 0 0 0 0 0 0 0 0 0 0 0 0 0 0 0 0 0 0 0 0 0 0 0 0 0 0 0 0 0 0 0 0 0 0 1 0 0 1 0 0 0 0 0 0 0 0 0 0 0 0 0 0 0 0 0 0 0 0 0 0 0 0 0 0 0 0 0 0 0 0 0 0 0 0 0 0 0 0 0 0 0 0 0 0 0 0 0 0 0 0 0 0 0 1 
0 0 0 0 0 0 0 0 0 0 0 0 0 0 0 0 0 0 0 0 0 0 1 0 0 0 0 0 0 0 0 0 0 0 0 0 0 0 0 0 0 0 0 0 0 0 0 0 0 0 0 0 0 0 0 0 0 0 0 0 0 0 0 0 0 0 0 1 0 0 0 0 0 0 0 0 0 0 0 0 0 0 0 0 0 0 0 0 0 0 0 0 0 0 0 0 0 0 0 0 
0 0 0 0 0 0 0 0 0 0 0 0 0 0 0 0 0 0 0 0 0 0 0 0 0 0 0 0 0 0 0 0 0 0 0 0 0 0 0 0 0 0 0 0 0 0 0 0 0 0 1 0 0 0 0 0 0 0 0 0 0 0 0 0 0 0 0 0 0 1 0 0 0 0 0 0 0 0 0 0 0 0 0 0 0 0 0 0 0 0 0 0 0 0 0 0 0 0 0 0 
0 0 0 0 0 0 0 0 1 0 0 0 0 0 0 0 0 0 0 0 0 0 0 0 0 0 0 0 0 0 0 0 0 0 0 0 0 0 0 1 0 0 0 0 0 0 0 0 0 0 0 0 0 0 0 0 0 0 0 0 0 0 0 0 0 1 0 0 0 0 0 0 0 0 0 0 0 0 0 0 0 0 0 0 0 0 0 0 0 0 0 0 0 0 0 0 0 0 0 0 
0 0 0 0 0 0 0 0 0 0 0 0 0 1 0 0 0 0 0 0 0 0 0 0 0 0 0 0 0 0 0 0 0 0 0 0 0 0 0 0 0 0 0 0 0 0 0 0 0 0 0 0 0 0 0 0 0 0 1 0 0 0 0 0 0 0 0 0 0 0 0 0 0 0 0 0 0 0 0 0 0 0 0 0 0 0 0 0 0 0 0 0 0 0 0 0 0 0 0 0 
0 0 0 0 0 0 0 0 0 0 0 0 0 0 0 0 0 0 0 0 0 0 0 0 0 0 0 0 0 0 0 0 1 0 0 0 1 0 0 0 0 0 0 0 0 0 0 0 0 0 0 0 0 0 0 1 0 0 0 0 0 0 0 0 0 0 0 0 0 0 0 0 0 0 0 0 0 0 0 0 0 0 0 0 0 0 0 0 0 0 0 0 0 0 0 0 0 0 0 0 
0 0 0 0 0 0 0 0 0 0 0 0 0 0 0 0 0 0 0 0 0 0 0 0 0 0 0 0 0 0 0 0 0 0 0 0 0 0 0 0 0 0 0 0 0 0 0 0 0 0 0 0 0 0 0 0 0 0 0 0 0 0 1 0 0 0 1 0 0 0 0 0 0 0 0 0 0 0 0 0 0 0 0 0 0 0 0 0 0 0 0 0 0 0 0 0 1 0 0 0 
0 0 0 0 0 0 0 0 0 0 0 0 0 0 0 0 0 0 0 0 0 0 0 0 0 0 0 0 0 0 0 0 0 0 0 0 0 0 0 0 0 0 0 0 0 0 0 0 0 0 0 0 0 0 0 0 0 0 0 0 0 0 1 0 0 0 0 0 0 0 0 0 0 0 0 0 0 0 0 0 0 0 0 0 0 0 0 1 0 0 0 0 0 0 0 0 0 0 0 0 
0 0 0 0 0 0 0 0 0 0 0 0 0 0 0 0 0 0 0 0 0 0 0 0 0 0 0 0 0 0 0 0 0 0 0 0 0 0 0 0 0 0 0 0 0 0 0 0 0 0 0 0 0 0 0 0 0 0 0 0 0 0 0 0 0 0 0 0 0 0 0 1 0 0 0 0 0 0 0 0 0 0 0 0 0 1 0 0 0 0 0 0 0 0 0 0 0 0 0 0 
0 0 1 0 0 0 0 0 0 0 0 0 0 0 0 0 0 0 0 0 0 0 0 0 0 0 0 1 0 0 0 0 0 0 0 0 0 0 0 0 0 0 0 0 0 0 0 0 0 0 0 0 0 0 0 0 0 0 0 0 0 0 0 0 0 0 0 0 1 0 0 0 0 0 0 0 0 0 0 0 0 0 0 0 0 0 0 0 0 0 0 0 0 0 0 0 0 0 0 0 
0 0 0 0 0 0 0 0 0 0 0 0 0 0 0 0 1 0 0 0 0 0 0 0 0 0 0 0 0 0 0 0 0 0 0 1 0 0 0 0 0 0 0 0 0 0 0 0 0 0 0 0 0 0 0 0 0 0 0 0 0 0 0 0 0 0 0 0 0 0 0 0 0 0 0 0 0 0 0 0 0 0 0 0 0 0 0 0 0 0 0 0 0 0 0 0 0 0 0 0 
0 0 0 0 0 0 0 0 0 0 0 0 0 0 0 0 0 0 0 0 0 0 0 0 0 0 0 0 0 0 1 0 0 0 0 0 0 0 0 0 0 0 0 0 0 0 0 0 0 0 0 1 0 0 0 0 0 0 0 0 0 0 0 0 0 0 0 0 0 0 0 0 0 0 0 0 0 0 0 0 0 0 0 0 0 0 0 0 0 0 0 0 0 0 0 0 0 0 0 0 
0 0 0 0 0 0 0 0 0 0 0 0 0 0 0 1 0 0 0 0 0 0 0 0 0 1 0 0 0 0 0 0 0 0 0 0 0 0 0 0 0 0 0 0 0 0 0 0 0 0 0 0 0 0 0 0 0 0 0 0 0 0 0 0 0 0 0 0 0 0 0 0 0 0 0 0 0 0 0 0 0 0 0 0 0 0 0 0 0 0 0 0 0 0 0 0 0 0 0 0 
0 0 0 0 0 0 0 0 0 0 0 0 0 0 0 0 0 0 0 0 0 0 0 0 0 0 0 0 0 0 0 1 0 0 0 0 0 0 0 0 0 0 0 0 0 0 0 0 0 0 0 0 0 0 0 0 0 1 0 0 0 0 0 0 0 0 0 0 0 0 0 0 0 0 0 0 0 0 0 0 1 0 0 0 0 0 0 0 0 0 0 0 0 0 0 0 0 0 0 0 
0 0 0 0 0 0 0 0 0 0 0 0 0 0 0 0 0 0 0 0 0 0 0 0 0 0 0 0 0 0 0 0 0 0 0 0 0 0 0 0 0 0 0 0 0 0 1 0 0 0 0 0 0 0 0 0 0 0 0 0 0 0 0 0 0 0 0 0 0 1 0 0 0 0 0 0 0 0 0 0 0 0 0 0 0 0 0 0 0 0 0 0 0 0 0 0 0 0 0 0 
0 0 0 0 0 0 0 0 0 0 0 0 0 0 0 0 0 0 0 0 0 0 0 0 0 0 0 0 0 0 0 0 0 0 0 0 0 0 0 0 0 0 0 0 0 0 0 0 0 0 0 0 0 0 1 0 0 0 0 0 1 0 0 0 0 0 0 0 0 0 0 0 0 0 0 0 0 0 0 1 0 0 0 0 0 0 0 0 0 0 0 0 0 0 0 0 0 0 0 0 
0 0 0 0 1 0 0 0 0 0 0 0 0 0 0 0 0 0 0 0 0 0 0 0 0 0 0 0 0 0 0 0 0 0 0 0 0 0 0 0 0 0 1 0 1 0 0 0 0 0 0 0 0 0 0 0 0 0 0 0 0 0 0 0 0 0 0 0 0 0 0 0 0 0 0 0 0 0 0 0 0 0 0 0 0 0 0 0 0 0 0 0 0 0 0 0 0 0 1 0 
0 0 0 0 0 0 0 0 0 0 0 0 0 0 0 0 0 0 0 0 0 0 0 0 0 0 0 0 1 0 0 0 0 0 0 0 0 0 0 0 0 0 0 0 0 0 0 0 0 0 0 0 0 0 0 0 0 0 0 0 0 0 0 0 0 0 1 0 0 0 1 0 0 0 0 0 0 0 0 0 0 0 0 0 0 0 0 0 0 0 0 0 0 0 0 0 0 0 0 0 
0 0 0 0 0 0 0 0 0 0 0 0 1 0 0 0 0 0 0 0 0 0 0 0 0 0 0 0 0 0 0 0 0 0 0 0 0 0 0 0 1 0 0 0 0 0 0 0 0 0 0 0 0 0 0 0 0 0 0 0 0 0 0 0 0 0 0 1 0 0 0 0 0 0 0 0 0 0 0 0 0 0 0 0 0 0 0 0 0 0 0 0 0 0 0 0 0 0 0 0 
0 0 0 0 0 0 0 0 0 0 0 0 0 0 0 0 0 0 0 0 0 0 0 0 0 0 0 0 0 0 0 0 0 0 0 0 0 0 0 0 0 0 0 0 0 0 0 1 1 0 0 0 0 0 0 0 0 0 0 0 0 0 0 0 0 0 0 0 0 0 0 0 0 0 0 0 0 0 0 0 0 0 0 0 0 0 0 0 0 0 0 0 0 0 0 0 0 0 0 0 
0 0 0 0 0 0 0 0 0 0 0 0 0 0 0 0 0 0 1 0 0 0 0 0 0 0 0 0 0 0 0 0 0 0 1 0 0 0 0 0 0 0 0 0 1 0 0 0 0 0 0 0 0 0 0 0 0 0 0 0 0 0 0 0 0 0 0 0 0 0 0 0 0 0 0 0 0 0 0 0 0 0 0 0 0 0 0 0 0 0 0 0 0 0 0 0 0 0 0 0 
0 0 0 0 0 1 0 0 0 1 0 0 0 0 0 0 0 0 0 0 0 0 0 0 0 0 0 0 0 0 0 0 0 0 0 0 0 0 0 0 0 0 0 0 0 0 0 0 0 0 0 0 0 0 0 0 0 0 0 0 0 0 0 0 0 0 0 0 0 0 0 0 0 0 0 0 0 0 0 0 0 0 0 0 0 0 0 0 0 0 0 0 0 0 0 0 0 0 0 0 
0 0 0 0 0 0 0 0 0 0 0 0 0 0 0 0 0 0 0 0 0 0 0 0 0 0 0 0 0 1 0 0 0 0 0 1 0 0 0 0 0 0 0 0 0 0 0 0 0 0 0 0 0 0 0 0 0 0 0 0 0 0 0 0 0 0 0 0 0 0 0 0 0 0 0 0 0 0 0 0 0 0 0 0 0 0 0 0 0 0 0 0 0 0 0 0 0 0 0 0 
0 0 0 0 0 0 0 0 0 0 0 0 0 0 0 0 0 0 0 0 0 0 0 0 0 0 0 0 0 0 0 0 0 0 0 0 0 0 0 0 0 0 0 0 0 1 0 0 0 0 0 0 0 0 0 0 0 0 0 0 0 0 0 0 0 0 0 0 0 0 0 1 0 0 0 0 0 0 0 0 0 0 0 0 0 0 0 0 0 0 0 0 0 0 0 0 0 0 0 0 
0 0 0 0 0 0 0 0 0 0 0 0 0 0 0 0 0 0 0 0 0 0 0 0 0 0 0 0 0 0 0 0 0 0 0 0 0 0 0 0 0 0 0 0 0 0 0 0 0 0 0 1 0 0 0 0 0 0 0 0 0 0 0 0 0 0 0 0 0 0 0 0 0 0 0 0 0 0 1 0 0 0 0 0 0 0 0 0 0 0 0 0 0 0 0 0 0 0 0 0 
0 0 0 0 0 0 0 1 0 0 0 0 0 0 0 0 0 0 0 0 0 0 0 0 0 0 0 0 0 0 0 0 0 0 0 0 0 0 0 0 0 0 0 0 0 0 0 0 0 0 0 0 0 0 0 0 0 0 0 1 0 0 0 0 1 0 0 0 0 0 0 0 0 0 0 0 0 0 0 0 0 0 0 0 0 0 0 0 0 0 0 0 0 0 0 0 0 0 0 0 
0 0 0 0 0 0 0 0 0 0 0 0 0 0 0 0 0 0 0 0 0 0 0 0 0 0 0 0 0 0 0 0 0 0 0 0 0 0 0 0 0 0 0 0 0 0 0 0 0 0 0 0 0 0 0 0 0 0 0 0 0 0 0 0 0 0 0 0 0 0 0 0 0 0 0 0 0 0 0 0 0 0 0 0 0 0 0 0 1 0 0 0 0 0 0 0 0 0 0 0 
0 0 0 0 0 0 0 0 0 0 0 0 0 0 0 0 0 0 0 1 0 0 0 0 0 0 0 0 0 0 0 0 0 0 0 0 0 0 0 0 0 0 0 0 0 0 0 0 0 0 0 0 0 0 0 0 0 0 0 0 0 0 0 1 0 0 0 0 0 0 0 0 1 0 0 0 0 0 0 0 0 0 0 0 0 0 0 0 0 0 0 0 0 0 0 0 0 0 0 0 

distances
0 1 1.648720
0 2 0.637841
0 3 2.205786
0 4 1.309651
0 5 1.637177
0 6 1.098505
0 7 1.009396
0 8 0.615708
0 9 2.010626
0 10 2.541488
0 11 1.349314
0 12 1.653598
0 13 2.121470
0 14 2.164556
0 15 1.471499
0 16 2.702589
0 17 1.000011
0 18 1.313092
0 19 2.620416
0 20 2.178480
0 21 0.837148
0 22 1.198076
0 23 2.720664
0 24 2.492804
0 25 1.493115
0 26 2.479597
0 27 1.086921
0 28 1.028179
0 29 2.625395
0 30 1.769287
0 31 2.726059
0 32 0.760688
0 33 1.876260
0 34 0.943575
0 35 2.732767
0 36 0.444053
0 37 1.093272
0 38 1.528408
0 39 0.868658
0 40 1.920663
0 41 1.486739
0 42 1.340583
0 43 2.387160
0 44 0.981938
0 45 2.294836
0 46 0.904165
0 47 1.236869
0 48 1.894001
0 49 2.501235
0 50 0.871942
0 51 2.228475
0 52 2.578870
0 53 2.185598
0 54 1.529945
0 55 0.764795
0 56 1.601260
0 57 2.153244
0 58 1.730653
0 59 1.244337
0 60 1.831179
0 61 1.665464
0 62 1.756280
0 63 2.395057
0 64 1.553921
0 65 0.745724
0 66 1.382613
0 67 1.509203
0 68 0.798425
0 69 0.719416
0 70 0.990766
0 71 2.508957
0 72 2.116174
0 73 1.227033
0 74 0.790952
0 75 0.630358
0 76 1.902706
0 77 0.635673
0 78 1.790488
0 79 1.839938
0 80 2.710408
0 81 0.961900
0 82 2.769807
0 83 1.934034
0 84 1.636624
0 85 2.630706
0 86 0.849131
0 87 1.808416
0 88 0.982482
0 89 1.165085
0 90 1.739278
0 91 1.633825
0 92 1.058409
0 93 1.865924
0 94 2.724446
0 95 2.432142
0 96 2.066758
0 97 1.144433
0 98 0.874822
0 99 2.465138
1 2 1.443817
1 3 2.381880
1 4 2.550070
1 5 2.206119
1 6 1.913490
1 7 2.214625
1 8 1.539693
1 9 1.923069
1 10 1.116933
1 11 0.762876
1 12 0.835711
1 13 1.162722
1 14 0.901920
1 15 2.606963
1 16 1.756863
1 17 2.036847
1 18 2.858010
1 19 0.972260
1 20 0.676325
1 21 1.434936
1 22 0.469014
1 23 1.073738
1 24 0.893060
1 25 3.138903
1 26 1.780074
1 27 0.679818
1 28 1.727231
1 29 1.297851
1 30 0.952470
1 31 1.208265
1 32 1.670060
1 33 0.228051
1 34 2.231406
1 35 1.580060
1 36 1.637029
1 37 1.446902
1 38 1.191509
1 39 1.383405
1 40 0.367095
1 41 0.912449
1 42 2.988888
1 43 0.850125
1 44 2.557921
1 45 2.264032
1 46 1.644672
1 47 0.552291
1 48 0.708069
1 49 2.129050
1 50 2.118782
1 51 1.194577
1 52 1.282476
1 53 0.965275
1 54 2.888577
1 55 2.010899
1 56 1.457563
1 57 1.479654
1 58 1.049734
1 59 1.736512
1 60 2.800615
1 61 1.197824
1 62 2.335282
1 63 0.839414
1 64 2.149420
1 65 0.904971
1 66 1.655817
1 67 0.325582
1 68 0.853568
1 69 1.830520
1 70 1.425818
1 71 1.876445
1 72 0.478376
1 73 0.457671
1 74 2.034125
1 75 1.439141
1 76 1.152298
1 77 1.855392
1 78 1.823749
1 79 2.586225
1 80 1.715711
1 81 0.779271
1 82 1.640529
1 83 1.037246
1 84 2.839887
1 85 1.407530
1 86 1.822532
1 87 2.698419
1 88 2.624333
1 89 1.627253
1 90 0.443091
1 91 0.645958
1 92 2.535490
1 93 2.098304
1 94 1.556307
1 95 2.030251
1 96 1.603709
1 97 2.114175
1 98 2.517842
1 99 0.825859
2 3 2.417699
2 4 1.215044
2 5 2.235751
2 6 0.674198
2 7 1.607504
2 8 1.210736
2 9 2.641843
2 10 1.932252
2 11 1.610847
2 12 1.937285
2 13 2.480450
2 14 2.311580
2 15 1.949448
2 16 2.194962
2 17 0.689203
2 18 1.665725
2 19 2.202045
2 20 1.686405
2 21 0.204439
2 22 1.003645
2 23 2.259776
2 24 2.279541
2 25 1.699499
2 26 3.059123
2 27 0.764395
2 28 0.512048
2 29 1.989109
2 30 1.158432
2 31 2.573323
2 32 0.275900
2 33 1.639900
2 34 1.532130
2 35 2.132772
2 36 0.250790
2 37 1.664479
2 38 0.891948
2 39 1.415854
2 40 1.808696
2 41 1.828703
2 42 1.578475
2 43 2.280695
2 44 1.414733
2 45 2.540334
2 46 1.522242
2 47 0.895739
2 48 1.347581
2 49 2.374895
2 50 1.483532
2 51 1.592673
2 52 1.942699
2 53 2.369451
2 54 1.581723
2 55 0.574934
2 56 2.170123
2 57 2.698220
2 58 2.117923
2 59 1.873088
2 60 1.946129
2 61 2.132071
2 62 1.468882
2 63 1.883962
2 64 2.168320
2 65 0.805583
2 66 0.809413
2 67 1.503527
2 68 0.753021
2 69 1.357193
2 70 0.359774
2 71 2.940080
2 72 1.883391
2 73 1.212264
2 74 1.414186
2 75 1.189702
2 76 2.314925
2 77 0.411641
2 78 1.262193
2 79 1.719936
2 80 2.907916
2 81 0.676131
2 82 2.198127
2 83 1.309846
2 84 1.964195
2 85 2.835474
2 86 1.486242
2 87 1.767421
2 88 1.233476
2 89 0.590652
2 90 1.773047
2 91 1.114967
2 92 1.538554
2 93 2.472319
2 94 2.116321
2 95 2.787882
2 96 1.471428
2 97 1.766517
2 98 1.147937
2 99 2.044928
3 4 1.203890
3 5 0.820879
3 6 1.796219
3 7 1.308487
3 8 2.015957
3 9 0.753585
3 10 1.465541
3 11 2.169057
3 12 1.876520
3 13 1.362634
3 14 1.553833
3 15 0.772342
3 16 0.850658
3 17 1.740160
3 18 0.894373
3 19 1.445659
3 20 1.888439
3 21 2.350391
3 22 2.849320
3 23 1.350497
3 24 1.489710
3 25 0.758620
3 26 0.643669
3 27 2.961350
3 28 1.988731
3 29 1.308976
3 30 2.093763
3 31 1.173732
3 32 2.153185
3 33 2.160306
3 34 1.348091
3 35 1.023856
3 36 2.258364
3 37 1.773556
3 38 2.119505
3 39 1.987543
3 40 2.034967
3 41 1.934360
3 42 0.901770
3 43 1.534973
3 44 1.224030
3 45 0.123372
3 46 1.743293
3 47 2.829616
3 48 2.111653
3 49 0.401231
3 50 1.452359
3 51 1.617761
3 52 1.345219
3 53 1.495950
3 54 0.837648
3 55 1.845657
3 56 1.416359
3 57 1.075984
3 58 1.661557
3 59 1.443097
3 60 0.472926
3 61 1.584542
3 62 1.040627
3 63 1.674834
3 64 0.927339
3 65 2.821325
3 66 1.849327
3 67 2.361386
3 68 2.938018
3 69 1.723598
3 70 2.281164
3 71 0.526908
3 72 1.906254
3 73 2.643609
3 74 1.551467
3 75 2.101015
3 76 1.480133
3 77 2.016594
3 78 1.443173
3 79 0.734888
3 80 0.667062
3 81 3.047988
3 82 0.941654
3 83 1.918788
3 84 0.569336
3 85 0.987242
3 86 1.647861
3 87 0.663349
3 88 1.271370
3 89 2.003190
3 90 2.092391
3 91 2.364131
3 92 1.157912
3 93 0.709455
3 94 1.050888
3 95 0.370875
3 96 1.429341
3 97 1.263399
3 98 1.374687
3 99 1.607886
4 5 1.516656
4 6 0.642758
4 7 1.306471
4 8 1.735690
4 9 1.804059
4 10 1.872822
4 11 2.640921
4 12 2.824227
4 13 2.549441
4 14 2.750978
4 15 1.098748
4 16 1.418463
4 17 0.543378
4 18 0.766505
4 19 2.235435
4 20 2.163234
4 21 1.164061
4 22 2.203890
4 23 2.150253
4 24 2.458624
4 25 0.594118
4 26 1.847282
4 27 1.943658
4 28 0.835168
4 29 1.725164
4 30 1.663305
4 31 2.235720
4 32 0.950208
4 33 2.606403
4 34 1.251847
4 35 1.538490
4 36 1.099149
4 37 2.057688
4 38 1.378961
4 39 1.988170
4 40 2.825428
4 41 2.667966
4 42 0.565935
4 43 2.581970
4 44 0.852172
4 45 1.325705
4 46 1.802904
4 47 2.037099
4 48 1.948841
4 49 1.256117
4 50 1.333691
4 51 1.611079
4 52 1.713466
4 53 2.697363
4 54 0.385701
4 55 0.654590
4 56 2.236068
4 57 2.235859
4 58 2.658616
4 59 1.867917
4 60 0.738345
4 61 2.499617
4 62 0.486152
4 63 2.134193
4 64 1.559278
4 65 1.965288
4 66 0.904839
4 67 2.717799
4 68 1.948381
4 69 1.543411
4 70 1.142762
4 71 1.726500
4 72 2.631482
4 73 2.424879
4 74 1.378054
4 75 1.813648
4 76 2.580474
4 77 0.831144
4 78 0.860502
4 79 0.546533
4 80 1.819703
4 81 1.880532
4 82 1.520789
4 83 1.635977
4 84 0.891234
4 85 2.156841
4 86 1.617654
4 87 0.560387
4 88 0.544094
4 89 0.923597
4 90 2.980882
4 91 1.926601
4 92 0.966143
4 93 1.634471
4 94 1.550960
4 95 1.572870
4 96 1.167531
4 97 1.471101
4 98 0.602987
4 99 2.285995
5 6 2.114022
5 7 0.632141
5 8 1.220858
5 9 0.425932
5 10 2.102359
5 11 1.526418
5 12 1.373417
5 13 1.118732
5 14 1.407005
5 15 0.422113
5 16 1.627185
5 17 1.957133
5 18 0.767570
5 19 1.832099
5 20 2.335329
5 21 2.389089
5 22 2.313906
5 23 1.784896
5 24 1.691517
5 25 0.932787
5 26 0.857264
5 27 2.487733
5 28 2.266341
5 29 2.007117
5 30 2.875025
5 31 1.452124
5 32 2.178130
5 33 2.142139
5 34 0.704971
5 35 1.772873
5 36 1.987470
5 37 0.964575
5 38 2.879628
5 39 1.166934
5 40 1.913180
5 41 1.324755
5 42 0.954212
5 43 1.629959
5 44 0.879419
5 45 0.813190
5 46 0.926768
5 47 2.540604
5 48 2.683408
5 49 1.204711
5 50 0.765438
5 51 2.387111
5 52 2.052295
5 53 1.348300
5 54 1.180048
5 55 1.866068
5 56 0.756806
5 57 0.834061
5 58 1.156386
5 59 0.627438
5 60 0.972019
5 61 1.010425
5 62 1.675966
5 63 2.156369
5 64 0.106566
5 65 2.002674
5 66 2.420178
5 67 1.924910
5 68 2.120270
5 69 0.964103
5 70 2.495828
5 71 0.871922
5 72 1.984943
5 73 2.030229
5 74 0.847896
5 75 1.294454
5 76 1.068694
5 77 1.941057
5 78 2.180311
5 79 1.352974
5 80 1.075752
5 81 2.407709
5 82 1.689894
5 83 2.700159
5 84 0.658121
5 85 1.177634
5 86 0.860266
5 87 1.232536
5 88 1.158325
5 89 2.407807
5 90 1.764423
5 91 2.835441
5 92 0.738533
5 93 0.236591
5 94 1.797639
5 95 0.820548
5 96 2.245900
5 97 0.499192
5 98 1.203196
5 99 1.975808
6 7 1.691423
6 8 1.705796
6 9 2.445976
6 10 1.706262
6 11 2.284171
6 12 2.605158
6 13 3.032480
6 14 2.755585
6 15 1.694191
6 16 1.621190
6 17 0.171092
6 18 1.347659
6 19 2.125203
6 20 1.752029
6 21 0.554913
6 22 1.580305
6 23 2.103486
6 24 2.358816
6 25 1.230597
6 26 2.404103
6 27 1.315822
6 28 0.196082
6 29 1.650407
6 30 1.147976
6 31 2.406966
6 32 0.405215
6 33 2.022838
6 34 1.614180
6 35 1.637752
6 36 0.692701
6 37 2.178716
6 38 0.819797
6 39 1.966846
6 40 2.249001
6 41 2.501989
6 42 1.172269
6 43 2.470057
6 44 1.282989
6 45 1.908705
6 46 1.948853
6 47 1.396905
6 48 1.437364
6 49 1.702383
6 50 1.640627
6 51 1.337272
6 52 1.614112
6 53 2.807650
6 54 1.026087
6 55 0.376478
6 56 2.645976
6 57 2.870259
6 58 2.790122
6 59 2.210141
6 60 1.360483
6 61 2.763359
6 62 0.794811
6 63 1.847414
6 64 2.127648
6 65 1.479085
6 66 0.383417
6 67 2.097513
6 68 1.418153
6 69 1.695368
6 70 0.503848
6 71 2.274174
6 72 2.176763
6 73 1.841966
6 74 1.628614
6 75 1.728843
6 76 2.986890
6 77 0.463438
6 78 0.695052
6 79 1.064687
6 80 2.275947
6 81 1.272632
6 82 1.671849
6 83 1.198452
6 84 1.529761
6 85 2.545208
6 86 1.819742
6 87 1.134213
6 88 0.970229
6 89 0.294579
6 90 2.339744
6 91 1.332836
6 92 1.425648
6 93 2.267906
6 94 1.633482
6 95 2.139981
6 96 1.001209
6 97 1.886190
6 98 0.949766
6 99 2.052833
7 8 0.733597
7 9 1.039045
7 10 2.732295
7 11 1.468053
7 12 1.518099
7 13 1.558786
7 14 1.818687
7 15 0.545678
7 16 2.157216
7 17 1.520798
7 18 0.643798
7 19 2.425230
7 20 2.811532
7 21 1.777029
7 22 1.984174
7 23 2.399167
7 24 2.225519
7 25 0.924991
7 26 1.488989
7 27 2.011976
7 28 1.770447
7 29 2.610078
7 30 2.765254
7 31 2.053994
7 32 1.597642
7 33 2.325648
7 34 0.080851
7 35 2.332315
7 36 1.363386
7 37 0.782345
7 38 2.457485
7 39 0.835051
7 40 2.144722
7 41 1.377817
7 42 0.830893
7 43 2.121661
7 44 0.455413
7 45 1.352492
7 46 0.570013
7 47 2.138099
7 48 2.860037
7 49 1.706464
7 50 0.145409
7 51 2.873131
7 52 2.650193
7 53 1.777577
7 54 1.151612
7 55 1.347729
7 56 0.986366
7 57 1.360318
7 58 1.382537
7 59 0.566770
7 60 1.183457
7 61 1.225815
7 62 1.704141
7 63 2.739042
7 64 0.561335
7 65 1.530012
7 66 2.074177
7 67 1.895347
7 68 1.637140
7 69 0.426491
7 70 1.907640
7 71 1.500428
7 72 2.337913
7 73 1.805176
7 74 0.243242
7 75 0.831451
7 76 1.409249
7 77 1.368514
7 78 2.166474
7 79 1.482159
7 80 1.706855
7 81 1.895484
7 82 2.249764
7 83 2.885717
7 84 0.835545
7 85 1.785787
7 86 0.397235
7 87 1.366622
7 88 0.778078
7 89 1.936984
7 90 1.901859
7 91 2.609172
7 92 0.346960
7 93 0.866905
7 94 2.359327
7 95 1.429960
7 96 2.449878
7 97 0.195111
7 98 0.760718
7 99 2.534116
8 9 1.486328
8 10 2.643446
8 11 0.914119
8 12 1.139614
8 13 1.523279
8 14 1.634428
8 15 1.277186
8 16 2.845445
8 17 1.587590
8 18 1.328188
8 19 2.309115
8 20 2.215999
8 21 1.415004
8 22 1.250584
8 23 2.384626
8 24 2.068396
8 25 1.600571
8 26 1.933663
8 27 1.305349
8 28 1.643673
8 29 2.815194
8 30 2.169098
8 31 2.161127
8 32 1.374246
8 33 1.717835
8 34 0.718452
8 35 2.933822
8 36 1.055424
8 37 0.477704
8 38 2.045933
8 39 0.272256
8 40 1.630225
8 41 0.962189
8 42 1.470450
8 43 1.933241
8 44 1.024451
8 45 2.030885
8 46 0.318122
8 47 1.415662
8 48 2.128327
8 49 2.415946
8 50 0.603064
8 51 2.648190
8 52 2.813840
8 53 1.635686
8 54 1.771934
8 55 1.348196
8 56 0.986558
8 57 1.540307
8 58 1.153227
8 59 0.672769
8 60 1.902316
8 61 1.063295
8 62 2.221556
8 63 2.357507
8 64 1.116818
8 65 0.809123
8 66 1.995615
8 67 1.259880
8 68 0.922804
8 69 0.307583
8 70 1.569921
8 71 2.012990
8 72 1.865280
8 73 1.093296
8 74 0.507198
8 75 0.101108
8 76 1.304779
8 77 1.243263
8 78 2.400845
8 79 2.132716
8 80 2.163037
8 81 1.201824
8 82 2.874212
8 83 2.346723
8 84 1.566757
8 85 2.015141
8 86 0.368201
8 87 2.038338
8 88 1.232716
8 89 1.775706
8 90 1.383997
8 91 1.895232
8 92 1.000304
8 93 1.402870
8 94 2.942680
8 95 2.017692
8 96 2.678318
8 97 0.752559
8 98 1.148127
8 99 2.253310
9 10 1.708839
9 11 1.425244
9 12 1.168728
9 13 0.762841
9 14 1.039557
9 15 0.795452
9 16 1.365320
9 17 2.317729
9 18 1.132141
9 19 1.407226
9 20 1.909975
9 21 2.813641
9 22 2.222312
9 23 1.364619
9 24 1.269840
9 25 1.216062
9 26 0.469271
9 27 2.479759
9 28 2.631871
9 29 1.647142
9 30 2.478836
9 31 1.027282
9 32 2.601024
9 33 1.794111
9 34 1.116482
9 35 1.468943
9 36 2.402302
9 37 1.091279
9 38 2.741451
9 39 1.337593
9 40 1.576466
9 41 1.192153
9 42 1.285695
9 43 1.219162
9 44 1.298872
9 45 0.677499
9 46 1.168271
9 47 2.428900
9 48 2.257972
9 49 1.031782
9 50 1.159073
9 51 2.043990
9 52 1.693668
9 53 0.976881
9 54 1.424159
9 55 2.274083
9 56 0.665033
9 57 0.449302
9 58 0.941475
9 59 0.814535
9 60 1.113292
9 61 0.840010
9 62 1.784504
9 63 1.732062
9 64 0.478222
9 65 2.131560
9 66 2.601711
9 67 1.721967
9 68 2.235368
9 69 1.296127
9 70 2.913704
9 71 0.527611
9 72 1.596563
9 73 1.934424
9 74 1.227738
9 75 1.531607
9 76 0.789611
9 77 2.364596
9 78 2.185152
9 79 1.461959
9 80 0.703318
9 81 2.478687
9 82 1.393527
9 83 2.331488
9 84 0.916844
9 85 0.753312
9 86 1.171569
9 87 1.364646
9 88 1.554419
9 89 2.720776
9 90 1.495163
9 91 2.449066
9 92 1.160730
9 93 0.202188
9 94 1.489396
9 95 0.548648
9 96 2.083982
9 97 0.875406
9 98 1.612581
9 99 1.549924
10 11 1.741497
10 12 1.565203
10 13 1.329006
10 14 1.128238
10 15 2.236246
10 16 0.653542
10 17 1.863797
10 18 2.284252
10 19 0.423840
10 20 0.450746
10 21 1.750564
10 22 1.472706
10 23 0.399735
10 24 0.673106
10 25 2.025703
10 26 1.248647
10 27 1.503866
10 28 1.682694
10 29 0.180931
10 30 0.777115
10 31 0.736507
10 32 1.900266
10 33 0.927502
10 34 2.796193
10 35 0.471012
10 36 2.168118
10 37 2.329412
10 38 1.051274
10 39 2.419054
10 40 1.018185
10 41 1.737142
10 42 2.163263
10 43 0.805169
10 44 2.608113
10 45 1.403704
10 46 2.589454
10 47 1.364124
10 48 0.659235
10 49 1.085696
10 50 2.866664
10 51 0.375962
10 52 0.170394
10 53 1.148736
10 54 1.867523
10 55 2.080625
10 56 1.930891
10 57 1.450187
10 58 1.619089
10 59 2.364009
10 60 1.703546
10 61 1.751292
10 62 1.396354
10 63 0.286000
10 64 2.180242
10 65 1.951468
10 66 1.336094
10 67 1.384224
10 68 1.857626
10 69 2.859531
10 70 1.608710
10 71 1.232058
10 72 0.783852
10 73 1.572803
10 74 2.930845
10 75 2.546896
10 76 1.523288
10 77 2.109834
10 78 1.075585
10 79 1.506529
10 80 1.026614
10 81 1.626220
10 82 0.542669
10 83 0.623018
10 84 2.001586
10 85 0.984668
10 86 2.752188
10 87 1.597069
10 88 2.399887
10 89 1.518620
10 90 1.268779
10 91 0.921331
10 92 2.603103
10 93 1.870006
10 94 0.445415
10 95 1.304823
10 96 0.743178
10 97 2.584161
10 98 2.474771
10 99 0.414997
11 12 0.331470
11 13 0.876261
11 14 0.819960
11 15 1.866174
11 16 2.218975
11 17 2.278783
11 18 2.104476
11 19 1.405011
11 20 1.375629
11 21 1.739796
11 22 0.813167
11 23 1.491856
11 24 1.182885
11 25 2.376358
11 26 1.594803
11 27 1.057042
11 28 2.105787
11 29 1.902622
11 30 1.701167
11 31 1.378133
11 32 1.884237
11 33 0.861752
11 34 1.500300
11 35 2.103738
11 36 1.641413
11 37 0.687664
11 38 1.874440
11 39 0.680210
11 40 0.724648
11 41 0.234714
11 42 2.298858
11 43 1.056189
11 44 1.885737
11 45 2.070341
11 46 0.909615
11 47 1.039880
11 48 1.470945
11 49 2.289164
11 50 1.397685
11 51 1.932917
11 52 1.908261
11 53 0.850793
11 54 2.618726
11 55 2.079441
11 56 0.788932
11 57 1.111955
11 58 0.515240
11 59 0.977246
11 60 2.497042
11 61 0.586024
11 62 3.073331
11 63 1.462695
11 64 1.443061
11 65 0.805309
11 66 2.254468
11 67 0.437471
11 68 0.869205
11 69 1.142417
11 70 1.830071
11 71 1.724702
11 72 0.957855
11 73 0.518303
11 74 1.331004
11 75 0.830859
11 76 0.708132
11 77 1.912485
11 78 2.569893
11 79 2.876971
11 80 1.704291
11 81 1.058357
11 82 2.120073
11 83 1.799738
11 84 2.169208
11 85 1.387251
11 86 1.096842
11 87 2.758939
11 88 2.141799
11 89 2.110586
11 90 0.472720
11 91 1.373668
11 92 1.810495
11 93 1.520943
11 94 2.090955
11 95 1.854086
11 96 2.362711
11 97 1.351799
11 98 2.061753
11 99 1.339356
12 13 0.545876
12 14 0.512307
12 15 1.773360
12 16 1.925362
12 17 2.610176
12 18 2.084093
12 19 1.173266
12 20 1.295715
12 21 2.051673
12 22 1.054507
12 23 1.245020
12 24 0.928827
12 25 2.303195
12 26 1.271703
12 27 1.316256
12 28 2.417045
12 29 1.697921
12 30 1.771973
12 31 1.073014
12 32 2.212328
12 33 0.834962
12 34 1.572411
12 35 1.840545
12 36 1.971776
12 37 0.772788
12 38 2.026732
12 39 0.873058
12 40 0.628840
12 41 0.177425
12 42 2.290634
12 43 0.793678
12 44 1.972071
12 45 1.767351
12 46 1.031118
12 47 1.262813
12 48 1.495416
12 49 1.957983
12 50 1.492050
12 51 1.846185
12 52 1.715822
12 53 0.532863
12 54 2.553465
12 55 2.404046
12 56 0.622089
12 57 0.801532
12 58 0.228233
12 59 0.959212
12 60 2.281891
12 61 0.362993
12 62 2.863615
12 63 1.316396
12 64 1.313744
12 65 1.132617
12 66 2.479432
12 67 0.562492
12 68 1.187722
12 69 1.296467
12 70 2.122793
12 71 1.401458
12 72 0.826405
12 73 0.774627
12 74 1.451790
12 75 1.075539
12 76 0.396388
12 77 2.241302
12 78 2.598411
12 79 2.611188
12 80 1.372850
12 81 1.342873
12 82 1.839615
12 83 1.815867
12 84 2.028640
12 85 1.057701
12 86 1.213332
12 87 2.529823
12 88 2.282920
12 89 2.389892
12 90 0.407097
12 91 1.481262
12 92 1.860097
12 93 1.303564
12 94 1.833371
12 95 1.538025
12 96 2.287832
12 97 1.356901
12 98 2.233178
12 99 1.150413
13 14 0.288372
13 15 1.534756
13 16 1.450765
13 17 3.075439
13 18 1.880658
13 19 0.908693
13 20 1.283389
13 21 2.566384
13 22 1.526858
13 23 0.933299
13 24 0.673735
13 25 1.976482
13 26 0.732417
13 27 1.789112
13 28 2.888258
13 29 1.390685
13 30 1.890134
13 31 0.640131
13 32 2.756347
13 33 1.036213
13 34 1.636244
13 35 1.420127
13 36 2.503796
13 37 1.055788
13 38 2.220461
13 39 1.257449
13 40 0.814369
13 41 0.674484
13 42 2.047173
13 43 0.562879
13 44 1.962686
13 45 1.245175
13 46 1.292230
13 47 1.695411
13 48 1.602791
13 49 1.413024
13 50 1.609986
13 51 1.696437
13 52 1.425749
13 53 0.231612
13 54 2.163877
13 55 2.866402
13 56 0.602129
13 57 0.317095
13 58 0.398391
13 59 1.039357
13 60 1.815478
13 61 0.460001
13 62 2.323380
13 63 1.185117
13 64 1.111683
13 65 1.678049
13 66 2.649132
13 67 1.008584
13 68 1.727623
13 69 1.549365
13 70 2.587501
13 71 0.860957
13 72 0.867947
13 73 1.281264
13 74 1.621022
13 75 1.493422
13 76 0.219261
13 77 2.755100
13 78 2.357141
13 79 2.081688
13 80 0.829526
13 81 1.844753
13 82 1.391776
13 83 1.835105
13 84 1.677946
13 85 0.532665
13 86 1.426600
13 87 2.025253
13 88 2.270953
13 89 2.755368
13 90 0.752854
13 91 1.719787
13 92 1.819428
13 93 0.950538
13 94 1.422535
13 95 1.004833
13 96 2.042453
13 97 1.363903
13 98 2.296465
13 99 0.979664
14 15 1.821605
14 16 1.413252
14 17 2.919047
14 18 2.166547
14 19 0.707391
14 20 1.009722
14 21 2.335658
14 22 1.310860
14 23 0.760189
14 24 0.455683
14 25 2.237486
14 26 0.910866
14 27 1.562140
14 28 2.605564
14 29 1.227693
14 30 1.608404
14 31 0.561530
14 32 2.565498
14 33 0.754591
14 34 1.892466
14 35 1.333090
14 36 2.430888
14 37 1.208918
14 38 1.935788
14 39 1.362552
14 40 0.540450
14 41 0.684420
14 42 2.324152
14 43 0.323497
14 44 2.242379
14 45 1.430948
14 46 1.465058
14 47 1.450110
14 48 1.318287
14 49 1.504206
14 50 1.849738
14 51 1.472689
14 52 1.254383
14 53 0.063497
14 54 2.388835
14 55 2.877536
14 56 0.835216
14 57 0.590374
14 58 0.493745
14 59 1.270763
14 60 2.025186
14 61 0.624064
14 62 2.361716
14 63 0.938540
14 64 1.398991
14 65 1.563033
14 66 2.385087
14 67 0.809434
14 68 1.583731
14 69 1.734357
14 70 2.321356
14 71 1.028007
14 72 0.579897
14 73 1.106720
14 74 1.843396
14 75 1.579805
14 76 0.410902
14 77 2.700864
14 78 2.202204
14 79 2.212820
14 80 0.932276
14 81 1.638139
14 82 1.328025
14 83 1.568429
14 84 1.943978
14 85 0.595747
14 86 1.625183
14 87 2.190674
14 88 2.557358
14 89 2.467157
14 90 0.539109
14 91 1.432176
14 92 2.100629
14 93 1.232909
14 94 1.327971
14 95 1.183159
14 96 1.870126
14 97 1.626422
14 98 2.573572
14 99 0.738983
15 16 1.613816
15 17 1.541867
15 18 0.346538
15 19 2.120479
15 20 2.627598
15 21 2.048687
15 22 2.525485
15 23 2.045290
15 24 2.045615
15 25 0.531971
15 26 1.122384
15 27 2.543072
15 28 1.855716
15 29 2.080936
15 30 2.715844
15 31 1.760046
15 32 1.814645
15 33 2.564211
15 34 0.577196
15 35 1.792247
15 36 1.703637
15 37 1.209927
15 38 2.477135
15 39 1.338663
15 40 2.335292
15 41 1.696722
15 42 0.533603
15 43 2.011414
15 44 0.535199
15 45 0.834056
15 46 1.067009
15 47 2.679739
15 48 2.877311
15 49 1.164249
15 50 0.685425
15 51 2.350231
15 52 2.116056
15 53 1.761068
15 54 0.787133
15 55 1.479093
15 56 1.151412
15 57 1.236541
15 58 1.566310
15 59 0.891534
15 60 0.677562
15 61 1.413490
15 62 1.326804
15 63 2.412497
15 64 0.461799
15 65 2.074687
15 66 2.003500
15 67 2.296410
15 68 2.179223
15 69 0.971437
15 70 2.118472
15 71 1.082986
15 72 2.391327
15 73 2.308526
15 74 0.785038
15 75 1.373112
15 76 1.490190
15 77 1.584543
15 78 1.843705
15 79 1.032644
15 80 1.290629
15 81 2.420333
15 82 1.711514
15 83 2.596289
15 84 0.316942
15 85 1.494490
15 86 0.923224
15 87 0.908379
15 88 0.759002
15 89 1.988716
15 90 2.175152
15 91 3.025087
15 92 0.421705
15 93 0.594710
15 94 1.819334
15 95 0.969455
15 96 2.018580
15 97 0.557914
15 98 0.821903
15 99 2.283766
16 17 1.706115
16 18 1.632328
16 19 0.843497
16 20 1.104028
16 21 1.993951
16 22 2.122815
16 23 0.746534
16 24 1.041433
16 25 1.385428
16 26 0.932438
16 27 2.110915
16 28 1.721335
16 29 0.477824
16 30 1.260966
16 31 0.852488
16 32 1.994736
16 33 1.547963
16 34 2.190021
16 35 0.182990
16 36 2.308740
16 37 2.423744
16 38 1.390099
16 39 2.671425
16 40 1.573384
16 41 2.093708
16 42 1.531637
16 43 1.163974
16 44 1.964509
16 45 0.822543
16 46 2.531302
16 47 1.987813
16 48 1.265182
16 49 0.450822
16 50 2.299139
16 51 0.772078
16 52 0.506622
16 53 1.394516
16 54 1.271214
16 55 1.938843
16 56 1.915295
16 57 1.366586
16 58 1.846186
16 59 2.179687
16 60 1.053549
16 61 1.897790
16 62 0.952727
16 63 0.918712
16 64 1.730309
16 65 2.594372
16 66 1.388776
16 67 1.980878
16 68 2.488819
16 69 2.573539
16 70 1.841863
16 71 0.842399
16 72 1.348483
16 73 2.214076
16 74 2.398746
16 75 2.895121
16 76 1.667169
16 77 2.077316
16 78 0.946921
16 79 0.923528
16 80 0.713256
16 81 2.221699
16 82 0.116826
16 83 1.082050
16 84 1.351565
16 85 0.924023
16 86 2.486068
16 87 0.986498
16 88 1.838603
16 89 1.609983
16 90 1.791202
16 91 1.513588
16 92 1.949804
16 93 1.442627
16 94 0.209388
16 95 0.828482
16 96 0.728704
16 97 2.106865
16 98 1.939432
16 99 0.953638
17 18 1.196279
17 19 2.286185
17 20 1.922801
17 21 0.620683
17 22 1.660729
17 23 2.256216
17 24 2.525590
17 25 1.107089
17 26 2.377655
17 27 1.400406
17 28 0.315812
17 29 1.794125
17 30 1.317026
17 31 2.534467
17 32 0.415140
17 33 2.168813
17 34 1.443915
17 35 1.748106
17 36 0.639774
17 37 2.048430
17 38 0.987045
17 39 1.856484
17 40 2.388983
17 41 2.468295
17 42 1.032281
17 43 2.640348
17 44 1.113418
17 45 1.859548
17 46 1.806199
17 47 1.499151
17 48 1.604770
17 49 1.714039
17 50 1.473325
17 51 1.499839
17 52 1.760642
17 53 2.976108
17 54 0.927443
17 55 0.239459
17 56 2.485774
17 57 2.765948
17 58 2.730584
17 59 2.047056
17 60 1.280897
17 61 2.648145
17 62 0.808115
17 63 2.016728
17 64 1.963756
17 65 1.484142
17 66 0.553484
17 67 2.177346
17 68 1.441279
17 69 1.545296
17 70 0.611029
17 71 2.251074
17 72 2.339721
17 73 1.897449
17 74 1.465685
17 75 1.623190
17 76 2.889242
17 77 0.375909
17 78 0.820141
17 79 1.031300
17 80 2.299627
17 81 1.339292
17 82 1.771463
17 83 1.369486
17 84 1.404805
17 85 2.611848
17 86 1.665652
17 87 1.080335
17 88 0.804492
17 89 0.452323
17 90 2.438073
17 91 1.487113
17 92 1.256532
17 93 2.127907
17 94 1.747346
17 95 2.103154
17 96 1.141204
17 97 1.715416
17 98 0.779770
17 99 2.221703
18 19 2.338875
18 20 2.734265
18 21 1.731774
18 22 2.504988
18 23 2.244836
18 24 2.336128
18 25 0.281699
18 26 1.398382
18 27 2.381041
18 28 1.511073
18 29 2.104561
18 30 2.426583
18 31 2.026447
18 32 1.492706
18 33 2.907755
18 34 0.627122
18 35 1.813859
18 36 1.435909
18 37 1.417159
18 38 2.141755
18 39 1.474802
18 40 2.678683
18 41 1.978938
18 42 0.206924
18 43 2.329112
18 44 0.339078
18 45 0.993943
18 46 1.213554
18 47 2.531556
18 48 2.698780
18 49 1.221902
18 50 0.740512
18 51 2.230516
18 52 2.124886
18 53 2.105294
18 54 0.515046
18 55 1.149585
18 56 1.470811
18 57 1.578461
18 58 1.892580
18 59 1.143642
18 60 0.580909
18 61 1.734905
18 62 1.074875
18 63 2.545321
18 64 0.796584
18 65 2.027935
18 66 1.666038
18 67 2.537859
18 68 2.103667
18 69 1.031580
18 70 1.783891
18 71 1.330584
18 72 2.723993
18 73 2.420874
18 74 0.827468
18 75 1.429252
18 76 1.832506
18 77 1.272906
18 78 1.574043
18 79 0.838917
18 80 1.522341
18 81 2.260324
18 82 1.746004
18 83 2.369638
18 84 0.326289
18 85 1.781724
18 86 1.035571
18 87 0.725946
18 88 0.435280
18 89 1.642178
18 90 2.491128
18 91 2.680091
18 92 0.327897
18 93 0.934802
18 94 1.839095
18 95 1.191624
18 96 1.815651
18 97 0.754698
18 98 0.518097
18 99 2.502187
19 20 0.515841
19 21 2.061898
19 22 1.424206
19 23 0.102255
19 24 0.252014
19 25 2.169159
19 26 1.002928
19 27 1.560767
19 28 2.079670
19 29 0.526307
19 30 1.081679
19 31 0.380006
19 32 2.258361
19 33 0.745372
19 34 2.506049
19 35 0.701463
19 36 2.452476
19 37 1.915486
19 38 1.400354
19 39 2.046229
19 40 0.730895
19 41 1.350126
19 42 2.321848
19 43 0.387274
19 44 2.650468
19 45 1.345142
19 46 2.172447
19 47 1.409397
19 48 0.856637
19 49 1.157772
19 50 2.507948
19 51 0.787939
19 52 0.549040
19 53 0.725264
19 54 2.107778
19 55 2.494202
19 56 1.510583
19 57 1.066606
19 58 1.200697
19 59 1.947841
19 60 1.829737
19 61 1.328355
19 62 1.749636
19 63 0.325009
19 64 1.880624
19 65 1.876875
19 66 1.747922
19 67 1.142309
19 68 1.822281
19 69 2.441528
19 70 1.943711
19 71 1.038054
19 72 0.514236
19 73 1.405294
19 74 2.529197
19 75 2.234062
19 76 1.099501
19 77 2.489419
19 78 1.494814
19 79 1.766918
19 80 0.832814
19 81 1.683127
19 82 0.731398
19 83 0.969920
19 84 2.012597
19 85 0.654474
19 86 2.328380
19 87 1.822737
19 88 2.672062
19 89 1.912701
19 90 0.951248
19 91 1.088757
19 92 2.539799
19 93 1.598232
19 94 0.686859
19 95 1.161077
19 96 1.162866
19 97 2.235938
19 98 2.777826
19 99 0.166128
20 21 1.555418
20 22 1.026934
20 23 0.583898
20 24 0.647648
20 25 2.466609
20 26 1.518552
20 27 1.092910
20 28 1.645503
20 29 0.629820
20 30 0.611885
20 31 0.890767
20 32 1.769348
20 33 0.516023
20 34 2.867361
20 35 0.921721
20 36 1.936663
20 37 2.048000
20 38 0.944759
20 39 2.043385
20 40 0.673299
20 41 1.441883
20 42 2.591443
20 43 0.727748
20 44 3.015385
20 45 1.808584
20 46 2.285094
20 47 0.944717
20 48 0.348088
20 49 1.527621
20 50 2.773041
20 51 0.561688
20 52 0.609624
20 53 1.056390
20 54 2.275739
20 55 2.065739
20 56 1.832471
20 57 1.521460
20 58 1.429750
20 59 2.244927
20 60 2.153385
20 61 1.587363
20 62 1.743735
20 63 0.216665
20 64 2.367186
20 65 1.507373
20 66 1.375368
20 67 0.970270
20 68 1.420715
20 69 2.502338
20 70 1.451255
20 71 1.547097
20 72 0.473619
20 73 1.126626
20 74 2.702398
20 75 2.115354
20 76 1.413769
20 77 2.006401
20 78 1.302744
20 79 1.922950
20 80 1.338149
20 81 1.218004
20 82 0.991864
20 83 0.560066
20 84 2.445051
20 85 1.164455
20 86 2.472448
20 87 2.025934
20 88 2.692856
20 89 1.484100
20 90 0.922135
20 91 0.573361
20 92 3.046068
20 93 2.106833
20 94 0.896160
20 95 1.658217
20 96 1.005270
20 97 2.630527
20 98 2.699838
20 99 0.361394
21 22 1.040264
21 23 2.104533
21 24 2.186427
21 25 1.708766
21 26 2.920802
21 27 0.779922
21 28 0.366509
21 29 1.793449
21 30 0.988923
21 31 2.441904
21 32 0.239904
21 33 1.603445
21 34 1.698757
21 35 1.928348
21 36 0.417555
21 37 1.864937
21 38 0.700778
21 39 1.615105
21 40 1.800348
21 41 1.968686
21 42 1.609152
21 43 2.220187
21 44 1.526655
21 45 2.463597
21 46 1.726622
21 47 0.885589
21 48 1.208330
21 49 2.216713
21 50 1.661929
21 51 1.399073
21 52 1.747336
21 53 2.398555
21 54 1.547418
21 55 0.585613
21 56 2.364936
21 57 2.851651
21 58 2.255013
21 59 2.076854
21 60 1.900938
21 61 2.296059
21 62 1.336150
21 63 1.737253
21 64 2.336327
21 65 0.944398
21 66 0.616356
21 67 1.557989
21 68 0.870737
21 69 1.555940
21 70 0.155405
21 71 2.802250
21 72 1.827308
21 73 1.288869
21 74 1.599545
21 75 1.392037
21 76 2.445885
21 77 0.464145
21 78 1.072502
21 79 1.619429
21 80 2.704712
21 81 0.722033
21 82 1.993922
21 83 1.128368
21 84 1.996889
21 85 2.716160
21 86 1.686244
21 87 1.687242
21 88 1.297819
21 89 0.404392
21 90 1.817501
21 91 1.000231
21 92 1.661014
21 93 2.620931
21 94 1.912014
21 95 2.689076
21 96 1.268109
21 97 1.947257
21 98 1.227259
21 99 1.916559
22 23 1.522967
22 24 1.362072
22 25 2.673534
22 26 2.219890
22 27 0.264595
22 28 1.384234
22 29 1.645213
22 30 0.989257
22 31 1.677010
22 32 1.256696
22 33 0.693557
22 34 1.963845
22 35 1.940063
22 36 1.175001
22 37 1.361951
22 38 1.075390
22 39 1.197286
22 40 0.815144
22 41 1.038977
22 42 2.527024
22 43 1.314347
22 44 2.166354
22 45 2.728342
22 46 1.465937
22 47 0.229547
22 48 0.878525
22 49 2.554023
22 50 1.850378
22 51 1.407429
22 52 1.616590
22 53 1.371010
22 54 2.583272
22 55 1.578546
22 56 1.601789
22 57 1.832108
22 58 1.281006
22 59 1.699353
22 60 2.940543
22 61 1.387992
22 62 2.262065
22 63 1.229903
22 64 2.216897
22 65 0.480466
22 66 1.446844
22 67 0.518606
22 68 0.401747
22 69 1.557831
22 70 1.077842
22 71 2.329178
22 72 0.946685
22 73 0.294866
22 74 1.751819
22 75 1.153332
22 76 1.442775
22 77 1.411111
22 78 1.783641
22 79 2.591482
22 80 2.182302
22 81 0.327643
22 82 2.015072
22 83 1.143352
22 84 2.808648
22 85 1.864070
22 86 1.602421
22 87 2.695854
22 88 2.157368
22 89 1.335611
22 90 0.778464
22 91 0.666383
22 92 2.206224
22 93 2.334065
22 94 1.913473
22 95 2.485570
22 96 1.701267
22 97 1.974834
22 98 2.052323
22 99 1.267143
23 24 0.316251
23 25 2.067720
23 26 0.939495
23 27 1.650908
23 28 2.080625
23 29 0.468232
23 30 1.116180
23 31 0.346822
23 32 2.283469
23 33 0.847196
23 34 2.478659
23 35 0.611956
23 36 2.509998
23 37 1.966852
23 38 1.423164
23 39 2.116421
23 40 0.830415
23 41 1.422443
23 42 2.220472
23 43 0.451532
23 44 2.566007
23 45 1.253075
23 46 2.218127
23 47 1.499508
23 48 0.913048
23 49 1.055864
23 50 2.499877
23 51 0.774918
23 52 0.497768
23 53 0.769803
23 54 2.006823
23 55 2.479243
23 56 1.533500
23 57 1.056654
23 58 1.252853
23 59 1.964373
23 60 1.727917
23 61 1.370789
23 62 1.666610
23 63 0.376800
23 64 1.842309
23 65 1.978593
23 66 1.735824
23 67 1.242754
23 68 1.922242
23 69 2.481665
23 70 1.976359
23 71 0.963219
23 72 0.616173
23 73 1.507491
23 74 2.537784
23 75 2.315853
23 76 1.135248
23 77 2.504225
23 78 1.446971
23 79 1.668938
23 80 0.754687
23 81 1.774369
23 82 0.636306
23 83 0.989160
23 84 1.919075
23 85 0.613604
23 86 2.359826
23 87 1.722071
23 88 2.570002
23 89 1.915300
23 90 1.045388
23 91 1.155877
23 92 2.466975
23 93 1.548743
23 94 0.599336
23 95 1.078661
23 96 1.118240
23 97 2.218114
23 98 2.676134
23 99 0.257398
24 25 2.247577
24 26 0.938227
24 27 1.550530
24 28 2.284932
24 29 0.776428
24 30 1.255411
24 31 0.317004
24 32 2.412303
24 33 0.671051
24 34 2.304884
24 35 0.922632
24 36 2.510222
24 37 1.663482
24 38 1.586290
24 39 1.800913
24 40 0.577450
24 41 1.106242
24 42 2.390923
24 43 0.136223
24 44 2.568592
24 45 1.374506
24 46 1.920592
24 47 1.405060
24 48 0.993406
24 49 1.277898
24 50 2.283718
24 51 1.027126
24 52 0.800654
24 53 0.476472
24 54 2.256263
24 55 2.708501
24 56 1.271022
24 57 0.875775
24 58 0.948713
24 59 1.710074
24 60 1.929087
24 61 1.078203
24 62 1.979447
24 63 0.514219
24 64 1.719562
24 65 1.764070
24 66 1.976178
24 67 0.984893
24 68 1.735524
24 69 2.190039
24 70 2.095690
24 71 1.008210
24 72 0.416896
24 73 1.274689
24 74 2.290454
24 75 2.000648
24 76 0.853390
24 77 2.648401
24 78 1.746600
24 79 1.948248
24 80 0.827663
24 81 1.662524
24 82 0.937837
24 83 1.171550
24 84 2.024621
24 85 0.555995
24 86 2.079497
24 87 1.981436
24 88 2.758301
24 89 2.119463
24 90 0.756526
24 91 1.186201
24 92 2.429914
24 93 1.470639
24 94 0.911942
24 95 1.153412
24 96 1.414445
24 97 2.030685
24 98 2.853743
24 99 0.308639
25 26 1.359808
25 27 2.463432
25 28 1.416786
25 29 1.844779
25 30 2.191709
25 31 1.932275
25 32 1.473560
25 33 2.913109
25 34 0.908402
25 35 1.562352
25 36 1.505935
25 37 1.692447
25 38 1.952773
25 39 1.756371
25 40 2.772554
25 41 2.226542
25 42 0.152774
25 43 2.290102
25 44 0.582684
25 45 0.876345
25 46 1.494959
25 47 2.591243
25 48 2.435883
25 49 1.012509
25 50 1.021092
25 51 1.948948
25 52 1.860267
25 53 2.174123
25 54 0.255636
25 55 1.132610
25 56 1.681346
25 57 1.659564
25 58 2.089172
25 59 1.402612
25 60 0.341081
25 61 1.941079
25 62 0.808759
25 63 2.303008
25 64 0.989487
25 65 2.236703
25 66 1.488454
25 67 2.813684
25 68 2.288473
25 69 1.309515
25 70 1.718118
25 71 1.263631
25 72 2.662436
25 73 2.683111
25 74 1.105876
25 75 1.701148
25 76 1.986681
25 77 1.287939
25 78 1.320381
25 79 0.557295
25 80 1.424687
25 81 2.363728
25 82 1.501734
25 83 2.106748
25 84 0.299233
25 85 1.732549
25 86 1.317218
25 87 0.444878
25 88 0.517911
25 89 1.516899
25 90 2.695838
25 91 2.498314
25 92 0.604517
25 93 1.040722
25 94 1.586139
25 95 1.109895
25 96 1.540118
25 97 1.025115
25 98 0.624323
25 99 2.315830
26 27 2.459604
26 28 2.576528
26 29 1.178026
26 30 2.025629
26 31 0.638211
26 32 2.792755
26 33 1.582822
26 34 1.562190
26 35 1.011390
26 36 2.826003
26 37 1.493926
26 38 2.273193
26 39 1.744429
26 40 1.415343
26 41 1.372473
26 42 1.481701
26 43 0.941393
26 44 1.657581
26 45 0.521578
26 46 1.617818
26 47 2.327462
26 48 1.852375
26 49 0.712205
26 50 1.618017
26 51 1.574774
26 52 1.224547
26 53 0.852393
26 54 1.478474
26 55 2.484542
26 56 0.997225
26 57 0.492334
26 58 1.083335
26 59 1.263749
26 60 1.114341
26 61 1.057747
26 62 1.610092
26 63 1.316288
26 64 0.931609
26 65 2.399148
26 66 2.304450
26 67 1.717796
26 68 2.459035
26 69 1.764700
26 70 2.773709
26 71 0.129932
26 72 1.338061
26 73 2.006813
26 74 1.692450
26 75 1.963331
26 76 0.887475
26 77 2.647557
26 78 1.848321
26 79 1.349271
26 80 0.235099
26 81 2.547494
26 82 0.941122
26 83 1.867253
26 84 1.096830
26 85 0.383662
26 86 1.638564
26 87 1.297676
26 88 1.829133
26 89 2.517593
26 90 1.448801
26 91 2.091684
26 92 1.537388
26 93 0.622161
26 94 1.029844
26 95 0.275055
26 96 1.660766
26 97 1.338564
26 98 1.916472
26 99 1.162947
27 28 1.119741
27 29 1.656158
27 30 0.870711
27 31 1.866711
27 32 1.003359
27 33 0.884730
27 34 1.970241
27 35 1.938811
27 36 0.963723
27 37 1.525449
27 38 0.872978
27 39 1.322391
27 40 1.044373
27 41 1.288554
27 42 2.335650
27 43 1.525691
27 44 2.065194
27 45 2.901373
27 46 1.572955
27 47 0.151431
27 48 0.852459
27 49 2.560127
27 50 1.867622
27 51 1.343758
27 52 1.618926
27 53 1.623743
27 54 2.327256
27 55 1.335791
27 56 1.837463
27 57 2.096399
27 58 1.541255
27 59 1.860840
27 60 2.676300
27 61 1.640337
27 62 2.016727
27 63 1.308891
27 64 2.382194
27 65 0.497726
27 66 1.197473
27 67 0.782308
27 68 0.382578
27 69 1.598198
27 70 0.813264
27 71 2.553913
27 72 1.136265
27 73 0.545436
27 74 1.768797
27 75 1.219177
27 76 1.706711
27 77 1.176023
27 78 1.569867
27 79 2.341406
27 80 2.376444
27 81 0.125111
27 82 2.021436
27 83 1.044289
27 84 2.705160
27 85 2.085702
27 86 1.673269
27 87 2.436722
27 88 1.974175
27 89 1.073718
27 90 1.037668
27 91 0.597832
27 92 2.144198
27 93 2.566564
27 94 1.911829
27 95 2.703757
27 96 1.549447
27 97 2.057846
27 98 1.876652
27 99 1.395460
28 29 1.661570
28 30 1.033634
28 31 2.416699
28 32 0.273479
28 33 1.853006
28 34 1.690162
28 35 1.705411
28 36 0.591130
28 37 2.120542
28 38 0.700881
28 39 1.885679
28 40 2.073929
28 41 2.332700
28 42 1.347648
28 43 2.372809
28 44 1.401907
28 45 2.098761
28 46 1.922161
28 47 1.202518
28 48 1.311292
28 49 1.865041
28 50 1.695362
28 51 1.306733
28 52 1.620294
28 53 2.666399
28 54 1.219971
28 55 0.423580
28 56 2.628912
28 57 3.064608
28 58 2.620654
28 59 2.230521
28 60 1.556565
28 61 2.643439
28 62 0.970657
28 63 1.773620
28 64 2.262505
28 65 1.305843
28 66 0.359352
28 67 1.901510
28 68 1.236587
28 69 1.692653
28 70 0.308340
28 71 2.448010
28 72 2.031614
28 73 1.647941
28 74 1.664757
28 75 1.648349
28 76 2.812319
28 77 0.429467
28 78 0.774482
28 79 1.254834
28 80 2.415529
28 81 1.078188
28 82 1.752881
28 83 1.115275
28 84 1.715768
28 85 2.622801
28 86 1.823697
28 87 1.328457
28 88 1.108216
28 89 0.167051
28 90 2.146414
28 91 1.174589
28 92 1.545876
28 93 2.443716
28 94 1.696272
28 95 2.323289
28 96 1.039947
28 97 1.963991
28 98 1.069883
28 99 1.977556
29 30 0.867919
29 31 0.760854
29 32 1.905960
29 33 1.106334
29 34 2.656785
29 35 0.294891
29 36 2.203284
29 37 2.435011
29 38 1.097393
29 39 2.568614
29 40 1.184994
29 41 1.873917
29 42 1.982941
29 43 0.912542
29 44 2.427269
29 45 1.258294
29 46 2.682740
29 47 1.522437
29 48 0.803816
29 49 0.919247
29 50 2.755435
29 51 0.396935
29 52 0.046526
29 53 1.237938
29 54 1.690994
29 55 2.025814
29 56 1.980334
29 57 1.457654
29 58 1.720929
29 59 2.387635
29 60 1.523657
29 61 1.837339
29 62 1.241431
29 63 0.463807
29 64 2.096888
29 65 2.120562
29 66 1.303572
29 67 1.561305
29 68 2.021525
29 69 2.927790
29 70 1.642583
29 71 1.139478
29 72 0.949945
29 73 1.753653
29 74 2.850071
29 75 2.722723
29 76 1.599267
29 77 2.089418
29 78 0.979208
29 79 1.330008
29 80 0.945560
29 81 1.775272
29 82 0.371468
29 83 0.696510
29 84 1.829272
29 85 0.974035
29 86 2.795249
29 87 1.417755
29 88 2.235276
29 89 1.505790
29 90 1.431591
29 91 1.062230
29 92 2.426439
29 93 1.785579
29 94 0.268459
29 95 1.189576
29 96 0.652942
29 97 2.505833
29 98 2.318809
29 99 0.563550
30 31 1.458642
30 32 1.177007
30 33 0.943235
30 34 2.687661
30 35 1.107765
30 36 1.401868
30 37 2.345420
30 38 0.332916
30 39 2.182036
30 40 1.165857
30 41 1.864776
30 42 2.220498
30 43 1.339526
30 44 2.430347
30 45 2.082668
30 46 2.442223
30 47 0.782179
30 48 0.293255
30 49 1.697131
30 50 2.639328
30 51 0.492338
30 52 0.822797
30 53 1.659863
30 54 1.936374
30 55 1.454860
30 56 2.383747
30 57 2.131185
30 58 1.961099
30 59 2.673683
30 60 2.051552
30 61 2.120194
30 62 1.389465
30 63 0.758190
30 64 2.956421
30 65 1.367849
30 66 0.784913
30 67 1.269585
30 68 1.251382
30 69 2.439894
30 70 0.862379
30 71 2.004163
30 72 1.036124
30 73 1.242761
30 74 2.559696
30 75 2.087907
30 76 1.994991
30 77 1.410840
30 78 0.873146
30 79 1.685623
30 80 1.802369
30 81 0.968078
30 82 1.191340
30 83 0.179112
30 84 2.406283
30 85 1.729654
30 86 2.535816
30 87 1.810045
30 88 2.115738
30 89 0.872701
30 90 1.364915
30 91 0.333667
30 92 2.573535
30 93 2.647000
30 94 1.082418
30 95 2.055564
30 96 0.713797
30 97 2.908433
30 98 2.096481
30 99 0.953830
31 32 2.630281
31 33 0.987839
31 34 2.134109
31 35 0.788446
31 36 2.818058
31 37 1.695772
31 38 1.769798
31 39 1.891740
31 40 0.876810
31 41 1.241868
31 42 2.074135
31 43 0.374649
31 44 2.295051
31 45 1.057699
31 46 1.926153
31 47 1.720067
31 48 1.235350
31 49 0.993029
31 50 2.153385
31 51 1.111730
31 52 0.799961
31 53 0.542608
31 54 1.964468
31 55 2.773841
31 56 1.219511
31 57 0.713701
31 58 1.011976
31 59 1.635701
31 60 1.621625
31 61 1.098982
31 62 1.800729
31 63 0.704787
31 64 1.501916
31 65 2.056097
31 66 2.062385
31 67 1.267959
31 68 2.040441
31 69 2.170826
31 70 2.320825
31 71 0.695870
31 72 0.733768
31 73 1.567319
31 74 2.196189
31 75 2.122648
31 76 0.857146
31 77 2.845824
31 78 1.717087
31 79 1.693166
31 80 0.510703
31 81 1.979489
31 82 0.772609
31 83 1.335904
31 84 1.709755
31 85 0.274613
31 86 2.041223
31 87 1.704570
31 88 2.441451
31 89 2.254469
31 90 1.015787
31 91 1.459158
31 92 2.170175
31 93 1.218710
31 94 0.787925
31 95 0.837768
31 96 1.405878
31 97 1.871320
31 98 2.539677
31 99 0.529987
32 33 1.843073
32 34 1.517151
32 35 1.975114
32 36 0.319076
32 37 1.849470
32 38 0.860663
32 39 1.612455
32 40 2.036689
32 41 2.097175
32 42 1.370089
32 43 2.456869
32 44 1.302159
32 45 2.273703
32 46 1.662401
32 47 1.118379
32 48 1.421469
32 49 2.106736
32 50 1.499071
32 51 1.529499
32 52 1.862284
32 53 2.626938
32 54 1.326740
32 55 0.345809
32 56 2.360770
32 57 2.913908
32 58 2.384908
32 59 1.989122
32 60 1.687617
32 61 2.378881
32 62 1.196771
32 63 1.935120
32 64 2.141396
32 65 1.079798
32 66 0.621980
32 67 1.767696
32 68 1.028843
32 69 1.449391
32 70 0.318157
32 71 2.665367
32 72 2.066484
32 73 1.482778
32 74 1.451858
32 75 1.375555
32 76 2.581896
32 77 0.237085
32 78 1.047948
32 79 1.444417
32 80 2.679470
32 81 0.930874
32 82 2.025135
32 83 1.294403
32 84 1.758445
32 85 2.879986
32 86 1.581976
32 87 1.495374
32 88 1.059758
32 89 0.405333
32 90 2.034182
32 91 1.229750
32 92 1.440643
32 93 2.399814
32 94 1.964692
32 95 2.518246
32 96 1.306168
32 97 1.781583
32 98 0.992903
32 99 2.126401
33 34 2.361929
33 35 1.376596
33 36 1.848371
33 37 1.543596
33 38 1.233654
33 39 1.527945
33 40 0.229290
33 41 0.954778
33 42 3.061972
33 43 0.642115
33 44 2.739200
33 45 2.045525
33 46 1.770967
33 47 0.745138
33 48 0.660687
33 49 1.903057
33 50 2.258701
33 51 1.071297
33 52 1.097158
33 53 0.817240
33 54 2.790415
33 55 2.188853
33 56 1.440693
33 57 1.344962
33 58 1.018162
33 59 1.788943
33 60 2.575102
33 61 1.176963
33 62 2.252925
33 63 0.642530
33 64 2.111172
33 65 1.131509
33 66 1.709360
33 67 0.458715
33 68 1.081603
33 69 1.989421
33 70 1.568740
33 71 1.669372
33 72 0.254172
33 73 0.669211
33 74 2.186815
33 75 1.619771
33 76 1.075496
33 77 2.047484
33 78 1.776254
33 79 2.432032
33 80 1.497970
33 81 0.992735
33 82 1.431137
33 83 0.982481
33 84 2.678138
33 85 1.202544
33 86 1.957320
33 87 2.524018
33 88 2.850925
33 89 1.728379
33 90 0.431651
33 91 0.693385
33 92 2.671345
33 93 1.986463
33 94 1.354342
33 95 1.819710
33 96 1.507583
33 97 2.185447
33 98 2.745343
33 99 0.603241
34 35 2.369374
34 36 1.286526
34 37 0.821193
34 38 2.376727
34 39 0.848110
34 40 2.194192
34 41 1.425570
34 42 0.802541
34 43 2.198884
34 44 0.400274
34 45 1.400015
34 46 0.592537
34 47 2.102687
34 48 2.822410
34 49 1.741345
34 50 0.115793
34 51 2.849954
34 52 2.693115
34 53 1.852941
34 54 1.123325
34 55 1.267760
34 56 1.058160
34 57 1.441100
34 58 1.447094
34 59 0.631454
34 60 1.186464
34 61 1.292221
34 62 1.667333
34 63 2.818931
34 64 0.638299
34 65 1.498788
34 66 1.997387
34 67 1.919113
34 68 1.602050
34 69 0.412291
34 70 1.827893
34 71 1.568572
34 72 2.397254
34 73 1.805235
34 74 0.212225
34 75 0.818565
34 76 1.482077
34 77 1.287709
34 78 2.112004
34 79 1.464510
34 80 1.776557
34 81 1.850728
34 82 2.288675
34 83 2.805351
34 84 0.849274
34 85 1.865076
34 86 0.409630
34 87 1.353050
34 88 0.715905
34 89 1.856825
34 90 1.946526
34 91 2.562169
34 92 0.310721
34 93 0.940880
34 94 2.396456
34 95 1.491448
34 96 2.409480
34 97 0.274273
34 98 0.691210
34 99 2.613515
35 36 2.293930
35 37 2.456984
35 38 1.275250
35 39 2.677568
35 40 1.420935
35 41 2.016161
35 42 1.706109
35 43 1.053289
35 44 2.143698
35 45 0.984996
35 46 2.628060
35 47 1.810739
35 48 1.088388
35 49 0.628030
35 50 2.476071
35 51 0.615435
35 52 0.324942
35 53 1.324921
35 54 1.433002
35 55 1.987230
35 56 1.947278
35 57 1.393532
35 58 1.800423
35 59 2.275059
35 60 1.233928
35 61 1.879447
35 62 1.056831
35 63 0.740660
35 64 1.872227
35 65 2.413923
35 66 1.353695
35 67 1.819884
35 68 2.311709
35 69 2.735352
35 70 1.773002
35 71 0.941681
35 72 1.190390
35 73 2.037722
35 74 2.575308
35 75 2.911008
35 76 1.639346
35 77 2.101144
35 78 0.943562
35 79 1.077265
35 80 0.778799
35 81 2.053767
35 82 0.083934
35 83 0.929049
35 84 1.534395
35 85 0.919701
35 86 2.629967
35 87 1.151100
35 88 1.996522
35 89 1.573388
35 90 1.651783
35 91 1.341130
35 92 2.132630
35 93 1.571835
35 94 0.027091
35 95 0.956497
35 96 0.670425
35 97 2.264899
35 98 2.092862
35 99 0.793185
36 37 1.530414
36 38 1.117777
36 39 1.294840
36 40 1.989852
36 41 1.830366
36 42 1.372220
36 43 2.487146
36 44 1.168450
36 45 2.379763
36 46 1.348124
36 47 1.106479
36 48 1.598337
36 49 2.344263
36 50 1.244887
36 51 1.813039
36 52 2.157871
36 53 2.477086
36 54 1.430951
36 55 0.448363
36 56 2.041796
36 57 2.595720
36 58 2.106764
36 59 1.684427
36 60 1.791201
36 61 2.074775
36 62 1.447393
36 63 2.134644
36 64 1.924635
36 65 0.867922
36 66 0.940296
36 67 1.635743
36 68 0.851788
36 69 1.149933
36 70 0.562675
36 71 2.764279
36 72 2.099659
36 73 1.333165
36 74 1.182171
36 75 1.057231
36 76 2.297146
36 77 0.273494
36 78 1.364091
36 79 1.638977
36 80 2.917601
36 81 0.857883
36 82 2.343935
36 83 1.545701
36 84 1.747558
36 85 3.026376
36 86 1.282095
36 87 1.658518
36 88 1.012272
36 89 0.721456
36 90 1.904005
36 91 1.364336
36 92 1.289331
36 93 2.223948
36 94 2.282986
36 95 2.614915
36 96 1.624218
36 97 1.529993
36 98 0.919188
36 99 2.293895
37 38 2.388791
37 39 0.250847
37 40 1.376094
37 41 0.610986
37 42 1.611855
37 43 1.528543
37 44 1.218139
37 45 1.737507
37 46 0.260387
37 47 1.581011
37 48 2.152239
37 49 2.117988
37 50 0.727934
37 51 2.609438
37 52 2.463253
37 53 1.197077
37 54 1.931071
37 55 1.811550
37 56 0.512404
37 57 1.066387
37 58 0.715174
37 59 0.338400
37 60 1.884838
37 61 0.600064
37 62 2.486484
37 63 2.089151
37 64 0.861418
37 65 1.063360
37 66 2.467537
37 67 1.121870
37 68 1.177897
37 69 0.530127
37 70 2.015549
37 71 1.593225
37 72 1.592766
37 73 1.103017
37 74 0.679756
37 75 0.476913
37 76 0.840901
37 77 1.718683
37 78 2.868156
37 79 2.238066
37 80 1.710554
37 81 1.459877
37 82 2.408142
37 83 2.474568
37 84 1.526186
37 85 1.537479
37 86 0.440628
37 87 2.115099
37 88 1.513652
37 89 2.246100
37 90 1.125865
37 91 2.012638
37 92 1.127934
37 93 1.070981
37 94 2.465003
37 95 1.639609
37 96 3.050365
37 97 0.668446
37 98 1.460408
37 99 1.918333
38 39 2.160123
38 40 1.462353
38 41 2.078748
38 42 1.944852
38 43 1.672440
38 44 2.098864
38 45 2.155347
38 46 2.361642
38 47 0.845991
38 48 0.617777
38 49 1.768356
38 50 2.357107
38 51 0.700732
38 52 1.050927
38 53 1.989253
38 54 1.702504
38 55 1.122955
38 56 2.646120
38 57 2.461269
38 58 2.239219
38 59 2.705937
38 60 1.911531
38 61 2.389313
38 62 1.205330
38 63 1.081671
38 64 2.938114
38 65 1.326127
38 66 0.475720
38 67 1.478423
38 68 1.211002
38 69 2.245267
38 70 0.557659
38 71 2.216593
38 72 1.358140
38 73 1.364928
38 74 2.299850
38 75 1.991123
38 76 2.307031
38 77 1.089072
38 78 0.708266
38 79 1.530614
38 80 2.038527
38 81 0.929591
38 82 1.352550
38 83 0.434102
38 84 2.221893
38 85 2.032682
38 86 2.370136
38 87 1.649651
38 88 1.790011
38 89 0.539972
38 90 1.629949
38 91 0.548847
38 92 2.242617
38 93 2.821591
38 94 1.254038
38 95 2.218305
38 96 0.698926
38 97 2.641609
38 98 1.765046
38 99 1.281822
39 40 1.404802
39 41 0.696105
39 42 1.646459
39 43 1.665063
39 44 1.212557
39 45 1.966214
39 46 0.272001
39 47 1.399951
39 48 2.052208
39 49 2.354678
39 50 0.736774
39 51 2.574877
39 52 2.581508
39 53 1.363446
39 54 1.964060
39 55 1.617070
39 56 0.756143
39 57 1.306535
39 58 0.881562
39 59 0.548079
39 60 2.010298
39 61 0.798238
39 62 2.467775
39 63 2.142858
39 64 1.060672
39 65 0.838732
39 66 2.222977
39 67 1.074033
39 68 0.955824
39 69 0.463520
39 70 1.765002
39 71 1.843944
39 72 1.637258
39 73 0.975987
39 74 0.659028
39 75 0.238708
39 76 1.038247
39 77 1.503476
39 78 2.657999
39 79 2.312449
39 80 1.958654
39 81 1.242674
39 82 2.642502
39 83 2.340608
39 84 1.651865
39 85 1.764813
39 86 0.439331
39 87 2.200516
39 88 1.463176
39 89 2.001707
39 90 1.152115
39 91 1.863562
39 92 1.155723
39 93 1.301443
39 94 2.679340
39 95 1.886190
39 96 2.858439
39 97 0.780947
39 98 1.388826
39 99 2.008804
40 41 0.768623
40 42 2.861404
40 43 0.504247
40 44 2.593794
40 45 1.913218
40 46 1.621297
40 47 0.919385
40 48 0.877788
40 49 1.855214
40 50 2.103947
40 51 1.233453
40 52 1.186669
40 53 0.603918
40 54 2.832567
40 55 2.377955
40 56 1.218373
40 57 1.127677
40 58 0.796070
40 59 1.587937
40 60 2.497275
40 61 0.956073
40 62 2.406230
40 63 0.738059
40 64 1.882287
40 65 1.186764
40 66 1.937924
40 67 0.413441
40 68 1.163681
40 69 1.865872
40 70 1.781364
40 71 1.516569
40 72 0.235056
40 73 0.697244
40 74 2.048088
40 75 1.539621
40 76 0.846227
40 77 2.220210
40 78 1.971389
40 79 2.496539
40 80 1.370043
40 81 1.137479
40 82 1.459576
40 83 1.189588
40 84 2.484073
40 85 1.049232
40 86 1.809377
40 87 2.551123
40 88 2.862651
40 89 1.955109
40 90 0.253813
40 91 0.922471
40 92 2.488744
40 93 1.764282
40 94 1.402755
40 95 1.672180
40 96 1.678059
40 97 1.985431
40 98 2.769250
40 99 0.629251
41 42 2.184639
41 43 0.971093
41 44 1.825422
41 45 1.836683
41 46 0.865110
41 47 1.261988
41 48 1.605467
41 49 2.078794
41 50 1.337713
41 51 2.000510
41 52 1.890648
41 53 0.699340
41 54 2.482025
41 55 2.246526
41 56 0.571673
41 57 0.884042
41 58 0.289318
41 59 0.836059
41 60 2.282029
41 61 0.352177
41 62 2.974972
41 63 1.480897
41 64 1.250694
41 65 1.027032
41 66 2.485251
41 67 0.603286
41 68 1.098496
41 69 1.126556
41 70 2.063815
41 71 1.501798
41 72 0.981782
41 73 0.745403
41 74 1.290145
41 75 0.898858
41 76 0.486233
41 77 2.092785
41 78 2.729898
41 79 2.652165
41 80 1.501691
41 81 1.292970
41 82 2.012261
41 83 1.933794
41 84 1.980709
41 85 1.202826
41 86 1.050428
41 87 2.544463
41 88 2.124384
41 89 2.345040
41 90 0.524796
41 91 1.551840
41 92 1.724211
41 93 1.296566
41 94 2.009625
41 95 1.625322
41 96 2.445307
41 97 1.230876
41 98 2.066620
41 99 1.322182
42 43 2.421449
42 44 0.446132
42 45 1.016447
42 46 1.395008
42 47 2.473958
42 48 2.492661
42 49 1.165246
42 50 0.910542
42 51 2.048595
42 52 1.995190
42 53 2.260954
42 54 0.321094
42 55 1.024725
42 56 1.674934
42 57 1.734862
42 58 2.095323
42 59 1.348696
42 60 0.493540
42 61 1.938962
42 62 0.875918
42 63 2.445207
42 64 0.993352
42 65 2.083931
42 66 1.470108
42 67 2.720481
42 68 2.136884
42 69 1.189403
42 70 1.637574
42 71 1.393581
42 72 2.807810
42 73 2.537210
42 74 0.988424
42 75 1.569891
42 76 2.022872
42 77 1.169625
42 78 1.368610
42 79 0.668495
42 80 1.564048
42 81 2.228319
42 82 1.648314
42 83 2.164701
42 84 0.388957
42 85 1.860993
42 86 1.211304
42 87 0.567893
42 88 0.369847
42 89 1.465636
42 90 2.697731
42 91 2.491516
42 92 0.492076
42 93 1.097124
42 94 1.729178
42 95 1.242774
42 96 1.620826
42 97 0.956526
42 98 0.474763
42 99 2.468180
43 44 2.506683
43 45 1.415011
43 46 1.786483
43 47 1.387230
43 48 1.063353
43 49 1.365261
43 50 2.166557
43 51 1.151325
43 52 0.936291
43 53 0.350813
43 54 2.339117
43 55 2.787158
43 56 1.150349
43 57 0.798662
43 58 0.814514
43 59 1.588762
43 60 1.993035
43 61 0.947534
43 62 2.109421
43 63 0.624181
43 64 1.645631
43 65 1.681999
43 66 2.086911
43 67 0.894401
43 68 1.666666
43 69 2.056419
43 70 2.150067
43 71 1.028274
43 72 0.398076
43 73 1.192759
43 74 2.165496
43 75 1.867353
43 76 0.728441
43 77 2.681163
43 78 1.880300
43 79 2.055158
43 80 0.868062
43 81 1.629289
43 82 1.064041
43 83 1.272644
43 84 2.038203
43 85 0.560472
43 86 1.948645
43 87 2.076052
43 88 2.764352
43 89 2.211781
43 90 0.649307
43 91 1.229951
43 92 2.363134
43 93 1.421333
43 94 1.043704
43 95 1.180626
43 96 1.547894
43 97 1.926772
43 98 2.831687
43 99 0.420348
44 45 1.315354
44 46 0.977659
44 47 2.216358
44 48 2.712989
44 49 1.560973
44 50 0.491110
44 51 2.455607
44 52 2.441079
44 53 2.192542
44 54 0.753549
44 55 0.988471
44 56 1.428570
44 57 1.708035
44 58 1.835372
44 59 1.021356
44 60 0.911130
44 61 1.676994
44 62 1.275690
44 63 2.882669
44 64 0.861239
44 65 1.688895
44 66 1.654342
44 67 2.280885
44 68 1.765680
44 69 0.750086
44 70 1.617836
44 71 1.613650
44 72 2.792648
44 73 2.101025
44 74 0.555091
44 75 1.123765
44 76 1.843683
44 77 1.066172
44 78 1.712671
44 79 1.111112
44 80 1.817724
44 81 1.941000
44 82 2.079736
44 83 2.463930
44 84 0.655659
44 85 2.027169
44 86 0.789638
44 87 1.013925
44 88 0.326685
44 89 1.559249
44 90 2.343701
44 91 2.525674
44 92 0.144001
44 93 1.097956
44 94 2.167959
44 95 1.489595
44 96 2.011278
44 97 0.632046
44 98 0.333900
44 99 2.816157
45 46 1.739284
45 47 2.751218
45 48 2.060505
45 49 0.392283
45 50 1.497840
45 51 1.594472
45 52 1.297705
45 53 1.373399
45 54 0.961000
45 55 1.968967
45 56 1.342123
45 57 0.965851
45 58 1.557626
45 59 1.418156
45 60 0.596293
45 61 1.491185
45 62 1.138680
45 63 1.592507
45 64 0.919029
45 65 2.800607
45 66 1.933219
45 67 2.239264
45 68 2.911538
45 69 1.753108
45 70 2.382673
45 71 0.403597
45 72 1.791399
45 73 2.526059
45 74 1.595136
45 75 2.107509
45 76 1.371697
45 77 2.139947
45 78 1.508425
45 79 0.844235
45 80 0.548391
45 81 3.026448
45 82 0.901218
45 83 1.904131
45 84 0.667713
45 85 0.864652
45 86 1.664670
45 87 0.780110
45 88 1.384838
45 89 2.100852
45 90 1.969771
45 91 2.320478
45 92 1.237508
45 93 0.666754
45 94 1.011531
45 95 0.247794
45 96 1.456811
45 97 1.284409
45 98 1.486462
45 99 1.509558
46 47 1.661918
46 48 2.323868
46 49 2.131328
46 50 0.488077
46 51 2.838867
46 52 2.715766
46 53 1.449693
46 54 1.715862
46 55 1.574297
46 56 0.709668
46 57 1.251921
46 58 0.972008
46 59 0.354869
46 60 1.738530
46 61 0.847377
46 62 2.253262
46 63 2.345990
46 64 0.820526
46 65 1.078241
46 66 2.281190
46 67 1.327429
46 68 1.195633
46 69 0.270294
46 70 1.882008
46 71 1.694891
46 72 1.844393
46 73 1.247598
46 74 0.427121
46 75 0.372328
46 76 1.083876
46 77 1.501080
46 78 2.615908
46 79 2.052171
46 80 1.849424
46 81 1.482326
46 82 2.558676
46 83 2.608082
46 84 1.379864
46 85 1.736629
46 86 0.188219
46 87 1.936051
46 88 1.260239
46 89 2.067729
46 90 1.368186
46 91 2.132089
46 92 0.903235
46 93 1.092063
46 94 2.644449
46 95 1.703223
46 96 2.946818
46 97 0.509784
46 98 1.202471
46 99 2.178635
47 48 0.722722
47 49 2.438345
47 50 1.995921
47 51 1.232999
47 52 1.487342
47 53 1.512966
47 54 2.422448
47 55 1.458662
47 56 1.828777
47 57 2.010226
47 58 1.490980
47 59 1.919396
47 60 2.736662
47 61 1.607309
47 62 2.036179
47 63 1.160019
47 64 2.441024
47 65 0.608859
47 66 1.226743
47 67 0.707008
47 68 0.501189
47 69 1.716429
47 70 0.894451
47 71 2.412406
47 72 0.993589
47 73 0.522524
47 74 1.896388
47 75 1.324201
47 76 1.639871
47 77 1.305976
47 78 1.554185
47 79 2.365969
47 80 2.228165
47 81 0.275408
47 82 1.891820
47 83 0.947066
47 84 2.853359
47 85 1.947555
47 86 1.779979
47 87 2.476499
47 88 2.118702
47 89 1.133411
47 90 0.944088
47 91 0.479627
47 92 2.292373
47 93 2.558486
47 94 1.783649
47 95 2.557776
47 96 1.485890
47 97 2.162457
47 98 2.023361
47 99 1.244039
48 49 1.715626
48 50 2.718608
48 51 0.531313
48 52 0.766560
48 53 1.371484
48 54 2.187786
48 55 1.725345
48 56 2.095588
48 57 1.861825
48 58 1.673783
48 59 2.440403
48 60 2.220676
48 61 1.833860
48 62 1.628447
48 63 0.536489
48 64 2.708948
48 65 1.330192
48 66 1.078127
48 67 1.033556
48 68 1.223905
48 69 2.434413
48 70 1.103495
48 71 1.865346
48 72 0.743272
48 73 1.076280
48 74 2.619106
48 75 2.031792
48 76 1.701736
48 77 1.658552
48 78 1.124784
48 79 1.891576
48 80 1.654913
48 81 0.971683
48 82 1.170113
48 83 0.330141
48 84 2.577427
48 85 1.509825
48 86 2.478081
48 87 2.013021
48 88 2.407202
48 89 1.155492
48 90 1.089892
48 91 0.262152
48 92 2.856696
48 93 2.453723
48 94 1.061309
48 95 1.957032
48 96 0.899065
48 97 2.820629
48 98 2.380816
48 99 0.708348
49 50 1.848917
49 51 1.216740
49 52 0.952429
49 53 1.461054
49 54 0.978515
49 55 1.896745
49 56 1.677088
49 57 1.204513
49 58 1.789949
49 59 1.807693
49 60 0.672084
49 61 1.769416
49 62 0.910836
49 63 1.324484
49 64 1.310832
49 65 3.032984
49 66 1.615175
49 67 2.259446
49 68 2.939531
49 69 2.124595
49 70 2.092010
49 71 0.586121
49 72 1.665776
49 73 2.552304
49 74 1.948452
49 75 2.497475
49 76 1.592744
49 77 2.070770
49 78 1.164735
49 79 0.710025
49 80 0.585629
49 81 2.665171
49 82 0.548043
49 83 1.520295
49 84 0.917764
49 85 0.912321
49 86 2.047774
49 87 0.711541
49 88 1.518841
49 89 1.814631
49 90 2.007685
49 91 1.963974
49 92 1.521506
49 93 1.053314
49 94 0.655112
49 95 0.492965
49 96 1.069802
49 97 1.663790
49 98 1.626471
49 99 1.303998
50 51 2.944754
50 52 2.795537
50 53 1.816080
50 54 1.230179
50 55 1.279518
50 56 1.016305
50 57 1.444851
50 58 1.384632
50 59 0.578975
50 60 1.302249
50 61 1.234802
50 62 1.766281
50 63 2.788074
50 64 0.686426
50 65 1.389266
50 66 2.022685
50 67 1.810102
50 68 1.494732
50 69 0.296532
50 70 1.799989
50 71 1.637015
50 72 2.318011
50 73 1.689623
50 74 0.099616
50 75 0.702986
50 76 1.439551
50 77 1.278167
50 78 2.188326
50 79 1.575774
50 80 1.840947
50 81 1.750467
50 82 2.393993
50 83 2.790031
50 84 0.964028
50 85 1.893396
50 86 0.301440
50 87 1.465967
50 88 0.790962
50 89 1.862203
50 90 1.852690
50 91 2.464183
50 92 0.418994
50 93 0.996826
50 94 2.503136
50 95 1.572212
50 96 2.500164
50 97 0.285486
50 98 0.751940
50 99 2.586900
51 52 0.350417
51 53 1.501702
51 54 1.727543
51 55 1.708342
51 56 2.297570
51 57 1.824948
51 58 1.947503
51 59 2.735766
51 60 1.693382
51 61 2.093661
51 62 1.183063
51 63 0.540894
51 64 2.483702
51 65 1.839120
51 66 0.962002
51 67 1.511527
51 68 1.726004
51 69 2.931930
51 70 1.250423
51 71 1.531483
51 72 1.020404
51 73 1.602271
51 74 2.965511
51 75 2.556794
51 76 1.879505
51 77 1.734279
51 78 0.758062
51 79 1.391653
51 80 1.341646
51 81 1.450507
51 82 0.699006
51 83 0.313690
51 84 2.046647
51 85 1.352402
51 86 3.009394
51 87 1.506588
51 88 2.154072
51 89 1.142895
51 90 1.483712
51 91 0.753386
51 92 2.539589
51 93 2.175955
51 94 0.590171
51 95 1.567245
51 96 0.444864
51 97 2.878871
51 98 2.196164
51 99 0.734016
52 53 1.267079
52 54 1.697225
52 55 1.990213
52 56 2.018706
52 57 1.500407
52 58 1.748116
52 59 2.430473
52 60 1.544426
52 61 1.868541
52 62 1.232473
52 63 0.456360
52 64 2.142693
52 65 2.088981
52 66 1.263086
52 67 1.554400
52 68 1.987644
52 69 2.970237
52 70 1.596739
52 71 1.185496
52 72 0.951861
52 73 1.736023
52 74 2.892128
52 75 2.716909
52 76 1.632068
52 77 2.048894
52 78 0.949575
52 79 1.336284
52 80 0.992019
52 81 1.736948
52 82 0.404582
52 83 0.650672
52 84 1.857444
52 85 1.017714
52 86 2.838428
52 87 1.428049
52 88 2.232538
52 89 1.463323
52 90 1.435875
52 91 1.023325
52 92 2.449705
52 93 1.831572
52 94 0.297982
52 95 1.233910
52 96 0.620569
52 97 2.551273
52 98 2.311793
52 99 0.572724
53 54 2.328900
53 55 2.925352
53 56 0.799776
53 57 0.527917
53 58 0.484904
53 59 1.237962
53 60 1.966167
53 61 0.603256
53 62 2.335059
53 63 0.973539
53 64 1.343251
53 65 1.609810
53 66 2.430261
53 67 0.866036
53 68 1.635140
53 69 1.717056
53 70 2.384636
53 71 0.971331
53 72 0.637077
53 73 1.160892
53 74 1.815453
53 75 1.586563
53 76 0.377807
53 77 2.749750
53 78 2.216642
53 79 2.166703
53 80 0.883731
53 81 1.697891
53 82 1.314469
53 83 1.612675
53 84 1.880482
53 85 0.549293
53 86 1.603511
53 87 2.138612
53 88 2.502545
53 89 2.524101
53 90 0.596441
53 91 1.492047
53 92 2.049772
53 93 1.171024
53 94 1.321541
53 95 1.125751
53 96 1.886456
53 97 1.583933
53 98 2.525688
53 99 0.770890
54 55 1.008073
54 56 1.933617
54 57 1.850375
54 58 2.333241
54 59 1.654109
54 60 0.364761
54 61 2.190473
54 62 0.560027
54 63 2.153508
54 64 1.242014
54 65 2.260900
54 66 1.246272
54 67 3.030233
54 68 2.275293
54 69 1.503289
54 70 1.528001
54 71 1.364540
54 72 2.619401
54 73 2.750909
54 74 1.305035
54 75 1.868615
54 76 2.211316
54 77 1.179408
54 78 1.066493
54 79 0.361062
54 80 1.487681
54 81 2.256207
54 82 1.386921
54 83 1.857651
54 84 0.526862
54 85 1.819780
54 86 1.531411
54 87 0.285348
54 88 0.567648
54 89 1.298675
54 90 2.916539
54 91 2.244435
54 92 0.812651
54 93 1.265109
54 94 1.453385
54 95 1.208318
54 96 1.301732
54 97 1.269482
54 98 0.670567
54 99 2.224407
55 56 2.270339
55 57 2.695693
55 58 2.494045
55 59 1.838101
55 60 1.372833
55 61 2.409972
55 62 1.014588
55 63 2.196401
55 64 1.848371
55 65 1.316013
55 66 0.746656
55 67 2.070615
55 68 1.293818
55 69 1.318905
55 70 0.639628
55 71 2.372561
55 72 2.409126
55 73 1.771575
55 74 1.258715
55 75 1.384346
55 76 2.651786
55 77 0.176710
55 78 1.057768
55 79 1.190718
55 80 2.472981
55 81 1.251065
55 82 2.008644
55 83 1.538043
55 84 1.413453
55 85 2.808443
55 86 1.443524
55 87 1.214951
55 88 0.720286
55 89 0.589405
55 90 2.341124
55 91 1.559652
55 92 1.131499
55 93 2.072266
55 94 1.986734
55 95 2.216391
55 96 1.374330
55 97 1.541964
55 98 0.663575
55 99 2.400920
56 57 0.554241
56 58 0.422648
56 59 0.439070
56 60 1.711788
56 61 0.264107
56 62 2.418102
56 63 1.772940
56 64 0.691909
56 65 1.472273
56 66 2.979109
56 67 1.168186
56 68 1.571905
56 69 0.953206
56 70 2.507426
56 71 1.108148
56 72 1.367670
56 73 1.306993
56 74 1.020095
56 75 0.988863
56 76 0.424321
56 77 2.210622
56 78 2.841488
56 79 2.088400
56 80 1.203293
56 81 1.817410
56 82 1.895825
56 83 2.390570
56 84 1.414923
56 85 1.031462
56 86 0.826949
56 87 1.974867
56 88 1.755158
56 89 2.757775
56 90 1.025240
56 91 2.103333
56 92 1.295560
56 93 0.733038
56 94 1.957288
56 95 1.184146
56 96 2.614307
56 97 0.798127
56 98 1.746917
56 99 1.570631
57 58 0.596824
57 59 0.930082
57 60 1.510434
57 61 0.566595
57 62 2.095068
57 63 1.380580
57 64 0.847399
57 65 1.910342
57 66 2.747120
57 67 1.314197
57 68 1.981128
57 69 1.470238
57 70 2.904249
57 71 0.619914
57 72 1.155641
57 73 1.570197
57 74 1.482692
57 75 1.541909
57 76 0.406128
57 77 2.722260
57 78 2.312402
57 79 1.809780
57 80 0.663717
57 81 2.139860
57 82 1.341757
57 83 2.036175
57 84 1.361352
57 85 0.485777
57 86 1.338023
57 87 1.736670
57 88 1.990878
57 89 2.962922
57 90 1.066192
57 91 2.013891
57 92 1.564638
57 93 0.643662
57 94 1.404318
57 95 0.742157
57 96 2.062983
57 97 1.169372
57 98 2.036569
57 99 1.179463
58 59 0.816093
58 60 2.054120
58 61 0.160386
58 62 2.691862
58 63 1.406623
58 64 1.104511
58 65 1.315930
58 66 2.703667
58 67 0.789770
58 68 1.384317
58 69 1.241914
58 70 2.340463
58 71 1.212807
58 72 0.957440
58 73 0.997091
58 74 1.364113
58 75 1.110699
58 76 0.197240
58 77 2.358358
58 78 2.694669
58 79 2.394691
58 80 1.216476
58 81 1.561395
58 82 1.780418
58 83 1.978176
58 84 1.806455
58 85 0.931028
58 86 1.137179
58 87 2.305143
58 88 2.160507
58 89 2.614322
58 90 0.609281
58 91 1.690463
58 92 1.708719
58 93 1.075982
58 94 1.799456
58 95 1.338976
58 96 2.362233
58 97 1.204186
58 98 2.135761
58 99 1.217732
59 60 1.556693
59 61 0.660805
59 62 2.211228
59 63 2.209220
59 64 0.523419
59 65 1.386202
59 66 2.582808
59 67 1.413219
59 68 1.502870
59 69 0.540189
59 70 2.232083
59 71 1.340288
59 72 1.771444
59 73 1.433666
59 74 0.581675
59 75 0.718433
59 76 0.860781
59 77 1.801058
59 78 2.717222
59 79 1.923625
59 80 1.496482
59 81 1.788676
59 82 2.203983
59 83 2.769780
59 84 1.203215
59 85 1.413931
59 86 0.407957
59 87 1.799217
59 88 1.344811
59 89 2.389336
59 90 1.357315
59 91 2.340396
59 92 0.901780
59 93 0.754762
59 94 2.292903
59 95 1.355131
59 96 2.872397
59 97 0.397783
59 98 1.322200
59 99 2.008684
60 61 1.939019
60 62 0.707621
60 63 1.971721
60 64 1.059633
60 65 2.576527
60 66 1.510108
60 67 2.823967
60 68 2.618500
60 69 1.598556
60 70 1.863411
60 71 0.999789
60 72 2.333409
60 73 2.985796
60 74 1.395756
60 75 2.003235
60 76 1.897557
60 77 1.543814
60 78 1.209122
60 79 0.381045
60 80 1.129248
60 81 2.618490
60 82 1.168606
60 83 1.918763
60 84 0.360784
60 85 1.457536
60 86 1.579543
60 87 0.263121
60 88 0.849893
60 89 1.609386
60 90 2.561387
60 91 2.385147
60 92 0.905811
60 93 0.987104
60 94 1.258845
60 95 0.843560
60 96 1.342154
60 97 1.233378
60 98 0.957498
60 99 1.974757
61 62 2.623827
61 63 1.554230
61 64 0.952383
61 65 1.353438
61 66 2.834049
61 67 0.920685
61 68 1.435955
61 69 1.113833
61 70 2.406441
61 71 1.183352
61 72 1.116213
61 73 1.096021
61 74 1.220881
61 75 1.035439
61 76 0.241845
61 77 2.301102
61 78 2.814821
61 79 2.301226
61 80 1.222732
61 81 1.644045
61 82 1.847677
61 83 2.138119
61 84 1.666346
61 85 0.974011
61 86 1.001414
61 87 2.198465
61 88 2.002926
61 89 2.689831
61 90 0.762007
61 91 1.842244
61 92 1.548990
61 93 0.952175
61 94 1.882367
61 95 1.292715
61 96 2.488982
61 97 1.045201
61 98 1.982901
61 99 1.360112
62 63 1.670161
62 64 1.757064
62 65 2.273772
62 66 0.819254
62 67 2.658345
62 68 2.206885
62 69 2.010438
62 70 1.244006
62 71 1.480307
62 72 2.176666
62 73 2.556810
62 74 1.827868
62 75 2.299442
62 76 2.497486
62 77 1.178268
62 78 0.517161
62 79 0.329806
62 80 1.494016
62 81 2.015001
62 82 1.046697
62 83 1.298529
62 84 1.028394
62 85 1.806001
62 86 2.065101
62 87 0.444737
62 88 1.005284
62 89 0.963119
62 90 2.660043
62 91 1.713856
62 92 1.358896
62 93 1.687036
62 94 1.067769
62 95 1.352961
62 96 0.745822
62 97 1.829489
62 98 1.079389
62 99 1.804585
63 64 2.205391
63 65 1.709218
63 66 1.464015
63 67 1.098333
63 68 1.628373
63 69 2.602294
63 70 1.619251
63 71 1.336515
63 72 0.506522
63 73 1.297064
63 74 2.767175
63 75 2.261007
63 76 1.349073
63 77 2.168758
63 78 1.296603
63 79 1.792488
63 80 1.126553
63 81 1.434002
63 82 0.803176
63 83 0.658411
63 84 2.237389
63 85 0.978933
63 86 2.529727
63 87 1.881525
63 88 2.674626
63 89 1.607153
63 90 0.990979
63 91 0.780865
63 92 2.829719
63 93 1.921561
63 94 0.716930
63 95 1.443231
63 96 0.972481
63 97 2.544658
63 98 2.733318
63 99 0.205779
64 65 1.896109
64 66 2.462508
64 67 1.853825
64 68 2.013705
64 69 0.866861
64 70 2.458412
64 71 0.957695
64 72 1.978685
64 73 1.938384
64 74 0.762995
64 75 1.188977
64 76 1.036789
64 77 1.905577
64 78 2.268292
64 79 1.439194
64 80 1.156793
64 81 2.301143
64 82 1.789799
64 83 2.793364
64 84 0.730433
64 85 1.229495
64 86 0.758975
64 87 1.316964
64 88 1.159300
64 89 2.415564
64 90 1.713482
64 91 2.794610
64 92 0.717512
64 93 0.312043
64 94 1.896528
64 95 0.916837
64 96 2.350800
64 97 0.409768
64 98 1.192623
64 99 2.014937
65 66 1.526134
65 67 0.788217
65 68 0.117599
65 69 1.107618
65 70 1.056158
65 71 2.528735
65 72 1.370932
65 73 0.490059
65 74 1.289657
65 75 0.721510
65 76 1.511693
65 77 1.139943
65 78 1.965619
65 79 2.506673
65 80 2.493097
65 81 0.405043
65 82 2.491971
65 83 1.542015
65 84 2.329677
65 85 2.158566
65 86 1.176296
65 87 2.519291
65 88 1.728061
65 89 1.338425
65 90 1.046543
65 91 1.087214
65 92 1.726132
65 93 2.134334
65 94 2.386950
65 95 2.645849
65 96 2.023441
65 97 1.560847
65 98 1.620378
65 99 1.729466
66 67 1.917373
66 68 1.431928
66 69 2.049678
66 70 0.477963
66 71 2.190819
66 72 1.820790
66 73 1.739871
66 74 2.005366
66 75 1.990751
66 76 2.779614
66 77 0.785884
66 78 0.456428
66 79 1.145758
66 80 2.100679
66 81 1.202439
66 82 1.406931
66 83 0.817593
66 84 1.773058
66 85 2.265098
66 86 2.179561
66 87 1.250447
66 88 1.332799
66 89 0.221510
66 90 2.098360
66 91 1.021780
66 92 1.794292
66 93 2.496747
66 94 1.342802
66 95 2.106772
66 96 0.684188
66 97 2.268539
66 98 1.324519
66 99 1.669504
67 68 0.784823
67 69 1.532474
67 70 1.593866
67 71 1.837243
67 72 0.632402
67 73 0.303140
67 74 1.732410
67 75 1.162685
67 76 0.932976
67 77 1.895800
67 78 2.142711
67 79 2.890565
67 80 1.729820
67 81 0.838172
67 82 1.865397
67 83 1.362295
67 84 2.582827
67 85 1.393978
67 86 1.509749
67 87 2.964559
67 88 2.463700
67 89 1.840404
67 90 0.270533
67 91 0.949477
67 92 2.228924
67 93 1.865752
67 94 1.799552
67 95 1.991750
67 96 1.928622
67 97 1.788622
67 98 2.361780
67 99 1.028118
68 69 1.217904
68 70 0.970503
68 71 2.588369
68 72 1.329256
68 73 0.481753
68 74 1.395202
68 75 0.837044
68 76 1.576794
68 77 1.117237
68 78 1.862533
68 79 2.472580
68 80 2.513696
68 81 0.287459
68 82 2.392209
68 83 1.426310
68 84 2.416977
68 85 2.176678
68 86 1.290692
68 87 2.508765
68 88 1.771785
68 89 1.253905
68 90 1.052225
68 91 0.976374
68 92 1.814566
68 93 2.248534
68 94 2.284620
68 95 2.723284
68 96 1.907151
68 97 1.675269
68 98 1.664693
68 99 1.667689
69 70 1.708391
69 71 1.814965
69 72 2.095860
69 73 1.394128
69 74 0.204151
69 75 0.406771
69 76 1.346788
69 77 1.263964
69 78 2.346426
69 79 1.857897
69 80 1.999366
69 81 1.487842
69 82 2.651586
69 83 2.618296
69 84 1.259304
69 85 1.953787
69 86 0.132636
69 87 1.753318
69 88 1.006190
69 89 1.849386
69 90 1.612282
69 91 2.194255
69 92 0.705056
69 93 1.172831
69 94 2.760856
69 95 1.783631
69 96 2.678701
69 97 0.470501
69 98 0.940521
69 99 2.446560
70 71 2.667596
70 72 1.772096
70 73 1.348488
70 74 1.742892
70 75 1.544988
70 76 2.517849
70 77 0.555151
70 78 0.933303
70 79 1.547228
70 80 2.550170
70 81 0.780093
70 82 1.839047
70 83 0.990286
70 84 2.015505
70 85 2.589101
70 86 1.839351
70 87 1.629047
70 88 1.359470
70 89 0.283403
70 90 1.838529
70 91 0.920319
70 92 1.757580
70 93 2.711699
70 94 1.756611
70 95 2.580702
70 96 1.114483
70 97 2.085224
70 98 1.301424
70 99 1.808465
71 72 1.419001
71 73 2.130388
71 74 1.719318
71 75 2.052909
71 76 1.017203
71 77 2.542695
71 78 1.734670
71 79 1.220968
71 80 0.210487
71 81 2.654047
71 82 0.865920
71 83 1.835891
71 84 1.016749
71 85 0.468919
71 86 1.694653
71 87 1.172744
71 88 1.752006
71 89 2.398335
71 90 1.567103
71 91 2.117298
71 92 1.504200
71 93 0.646102
71 94 0.962593
71 95 0.156513
71 96 1.569371
71 97 1.367349
71 98 1.845774
71 99 1.202732
72 73 0.891883
72 74 2.271146
72 75 1.774406
72 76 0.959873
72 77 2.284036
72 78 1.773512
72 79 2.267655
72 80 1.244145
72 81 1.246221
72 82 1.233167
72 83 1.023395
72 84 2.434285
72 85 0.955224
72 86 2.031327
72 87 2.334128
72 88 3.096097
72 89 1.887422
72 90 0.485240
72 91 0.858287
72 92 2.663190
72 93 1.796662
72 94 1.171320
72 95 1.567570
72 96 1.464238
72 97 2.161412
72 98 2.990507
72 99 0.397210
73 74 1.597810
73 75 0.992188
73 76 1.169512
73 77 1.595718
73 78 2.072188
73 79 2.885614
73 80 2.032417
73 81 0.569802
73 82 2.097514
73 83 1.378211
73 84 2.625125
73 85 1.695963
73 86 1.408399
73 87 2.976094
73 88 2.205517
73 89 1.617245
73 90 0.571091
73 91 0.909625
73 92 2.093278
73 93 2.039229
73 94 2.013886
73 95 2.281853
73 96 1.953972
73 97 1.752420
73 98 2.098633
73 99 1.271533
74 75 0.607764
74 76 1.437708
74 77 1.239797
74 78 2.218829
74 79 1.656522
74 80 1.919759
74 81 1.652317
74 82 2.492950
74 83 2.723397
74 84 1.061463
74 85 1.946187
74 86 0.239835
74 87 1.550154
74 88 0.834252
74 89 1.830016
74 90 1.794641
74 91 2.365952
74 92 0.501366
74 93 1.074975
74 94 2.602351
74 95 1.661739
74 96 2.543272
74 97 0.353967
74 98 0.782523
74 99 2.580917
75 76 1.274185
75 77 1.265727
75 78 2.419356
75 79 2.229669
75 80 2.185567
75 81 1.120060
75 82 2.881162
75 83 2.263347
75 84 1.665941
75 85 2.003511
75 86 0.455878
75 87 2.137626
75 88 1.323030
75 89 1.769263
75 90 1.296657
75 91 1.803639
75 92 1.101379
75 93 1.464289
75 94 2.907765
75 95 2.073164
75 96 2.659069
75 97 0.839828
75 98 1.235128
75 99 2.166443
76 77 2.537636
76 78 2.573489
76 79 2.214889
76 80 1.020344
76 81 1.738752
76 82 1.610645
76 83 1.973833
76 84 1.691246
76 85 0.744707
76 86 1.229114
76 87 2.136290
76 88 2.167974
76 89 2.772562
76 90 0.712152
76 91 1.767849
76 92 1.705878
76 93 0.948016
76 94 1.641559
76 95 1.146789
76 96 2.252180
76 97 1.218579
76 98 2.168396
76 99 1.147932
77 78 1.157927
77 79 1.366731
77 80 2.649543
77 81 1.084846
77 82 2.134221
77 83 1.520312
77 84 1.557562
77 85 2.982858
77 86 1.394542
77 87 1.391531
77 88 0.837642
77 89 0.591415
77 90 2.166084
77 91 1.463197
77 92 1.203894
77 93 2.164124
77 94 2.096505
77 95 2.386184
77 96 1.454221
77 97 1.556445
77 98 0.763417
77 99 2.362659
78 79 0.829098
78 80 1.650960
78 81 1.605046
78 82 0.982662
78 83 0.796109
78 84 1.544065
78 85 1.860284
78 86 2.450119
78 87 0.951578
78 88 1.398446
78 89 0.671619
78 90 2.207570
78 91 1.196885
78 92 1.822847
78 93 2.146209
78 94 0.938587
78 95 1.657694
78 96 0.332442
78 97 2.321435
78 98 1.438339
78 99 1.479496
79 80 1.283194
79 81 2.327025
79 82 1.036972
79 83 1.570219
79 84 0.721043
79 85 1.617790
79 86 1.873943
79 87 0.124422
79 88 0.919268
79 89 1.273458
79 90 2.703968
79 91 2.017714
79 92 1.157009
79 93 1.357423
79 94 1.096511
79 95 1.077939
79 96 0.993045
79 97 1.570802
79 98 1.017143
79 99 1.870448
80 81 2.490186
80 82 0.711177
80 83 1.638743
80 84 1.201195
80 85 0.337247
80 86 1.873627
80 87 1.259752
80 88 1.930750
80 89 2.320928
80 90 1.461529
80 91 1.907113
80 92 1.712291
80 93 0.844946
80 94 0.796444
80 95 0.330928
80 96 1.436739
80 97 1.566059
80 98 2.029871
80 99 0.998481
81 82 2.137073
81 83 1.144947
81 84 2.586116
81 85 2.185896
81 86 1.569833
81 87 2.406642
81 88 1.862228
81 89 1.054588
81 90 1.103309
81 91 0.713723
81 92 2.019100
81 93 2.525562
81 94 2.026955
81 95 2.809244
81 96 1.621872
81 97 1.953100
81 98 1.762309
81 99 1.518284
82 83 1.012519
82 84 1.459415
82 85 0.877701
82 86 2.548352
82 87 1.102547
82 88 1.953919
82 89 1.627995
82 90 1.681657
82 91 1.424009
82 92 2.060549
82 93 1.491124
82 94 0.110312
82 95 0.875111
82 96 0.728329
82 97 2.181093
82 98 2.053862
82 99 0.837593
83 84 2.279358
83 85 1.599108
83 86 2.714284
83 87 1.693467
83 88 2.137439
83 89 0.948742
83 90 1.413997
83 91 0.477053
83 92 2.595949
83 93 2.481947
83 94 0.903852
83 95 1.879650
83 96 0.578696
83 97 3.075499
83 98 2.140345
83 99 0.863085
84 85 1.479109
84 86 1.227055
84 87 0.596678
84 88 0.735353
84 89 1.814815
84 90 2.403273
84 91 2.738730
84 92 0.603742
84 93 0.743459
84 94 1.560941
84 95 0.872017
84 96 1.701846
84 97 0.872938
84 98 0.830003
84 99 2.176260
85 86 1.821214
85 87 1.596998
85 88 2.212685
85 89 2.477153
85 90 1.124877
85 91 1.729686
85 92 1.898347
85 93 0.944116
85 94 0.927665
85 95 0.623367
85 96 1.582855
85 97 1.608530
85 98 2.299677
85 99 0.803161
86 87 1.761185
86 88 1.074026
86 89 1.981406
86 90 1.556372
86 91 2.259177
86 92 0.719266
86 93 1.058314
86 94 2.653361
86 95 1.673502
86 96 2.779775
86 97 0.384602
86 98 1.019998
86 99 2.353456
87 88 0.852896
87 89 1.363070
87 90 2.717327
87 91 2.142059
87 92 1.048894
87 93 1.248196
87 94 1.172328
87 95 1.022874
87 96 1.115563
87 97 1.448953
87 98 0.955856
87 99 1.940107
88 89 1.256382
88 90 2.614509
88 91 2.277493
88 92 0.462097
88 93 1.353217
88 94 2.015498
88 95 1.605203
88 96 1.711481
88 97 0.958561
88 98 0.107685
88 99 2.789664
89 90 2.063070
89 91 1.038520
89 92 1.703160
89 93 2.557555
89 94 1.561724
89 95 2.298893
89 96 0.903054
89 97 2.130807
89 98 1.225694
89 99 1.811518
90 91 1.081286
90 92 2.248640
90 93 1.660165
90 94 1.635773
90 95 1.722042
90 96 1.927150
90 97 1.754161
90 98 2.531712
90 99 0.869915
91 92 2.653518
91 93 2.651166
91 94 1.314186
91 95 2.216613
91 96 1.045040
91 97 2.639367
91 98 2.221406
91 99 0.929961
92 93 0.961116
92 94 2.158594
92 95 1.390221
92 96 2.103852
92 97 0.505801
92 98 0.477575
92 99 2.699703
93 94 1.595047
93 95 0.616377
93 96 2.122680
93 97 0.721773
93 98 1.410398
93 99 1.745670
94 95 0.980287
94 96 0.658769
94 97 2.290576
94 98 2.110734
94 99 0.774178
95 96 1.536136
95 97 1.319180
95 98 1.701918
95 99 1.327138
96 97 2.563492
96 98 1.760852
96 99 1.149336
97 98 0.949852
97 99 2.339323
98 99 2.881557

nodes_degrees
0 2
1 2
2 3
3 2
4 4
5 3
6 2
7 2
8 3
9 3
10 2
11 3
12 3
13 3
14 2
15 2
16 2
17 3
18 2
19 3
20 2
21 3
22 2
23 1
24 3
25 4
26 2
27 2
28 3
29 2
30 3
31 2
32 3
33 2
34 3
35 2
36 3
37 3
38 2
39 3
40 3
41 2
42 3
43 3
44 2
45 3
46 2
47 3
48 3
49 2
50 2
51 3
52 3
53 2
54 3
55 2
56 2
57 3
58 3
59 3
60 3
61 2
62 3
63 3
64 2
65 2
66 3
67 4
68 2
69 3
70 2
71 3
72 3
73 2
74 2
75 3
76 2
77 3
78 3
79 2
80 2
81 3
82 2
83 2
84 2
85 3
86 2
87 3
88 4
89 3
90 3
91 2
92 3
93 2
94 2
95 2
96 2
97 3
98 1
99 3
