points
0 0.3680 2.0732
1 1.9620 2.6546
2 0.9429 1.5716
3 1.8474 5.4263
4 1.1629 0.1566
5 1.2974 4.8090
6 1.1979 0.8528
7 0.6657 4.7794
8 0.5796 3.4618
9 1.7005 4.6701
10 2.8707 1.3751
11 1.4795 3.2588
12 1.7190 3.4886
13 2.0455 3.9513
14 2.2047 3.6676
15 1.1035 5.2125
16 2.5452 6.0658
17 1.0520 0.7536
18 0.9656 5.5835
19 2.8845 3.2496

edges
0 0 1 0 0 0 0 0 1 0 0 0 0 0 0 0 0 0 0 0 
0 0 1 0 0 0 0 0 0 0 0 1 0 0 0 0 0 0 0 0 
1 1 0 0 0 0 1 0 0 0 0 0 0 0 0 0 0 0 0 0 
0 0 0 0 0 0 0 0 0 1 0 0 0 0 0 1 1 0 0 0 
0 0 0 0 0 0 0 0 0 0 0 0 0 0 0 0 0 1 1 0 
0 0 0 0 0 0 0 0 0 1 0 0 0 0 0 1 0 0 0 0 
0 0 1 0 0 0 0 0 0 0 0 0 0 0 0 0 0 1 0 0 
0 0 0 0 0 0 0 0 1 0 0 0 0 0 0 1 0 0 0 0 
1 0 0 0 0 0 0 1 0 0 0 1 0 0 0 0 0 0 0 0 
0 0 0 1 0 1 0 0 0 0 0 0 0 1 0 0 0 0 0 0 
0 0 0 0 0 0 0 0 0 0 0 0 0 0 0 0 1 0 0 1 
0 1 0 0 0 0 0 0 1 0 0 0 1 0 0 0 0 0 0 0 
0 0 0 0 0 0 0 0 0 0 0 1 0 0 1 0 0 0 0 0 
0 0 0 0 0 0 0 0 0 1 0 0 0 0 1 0 0 0 0 0 
0 0 0 0 0 0 0 0 0 0 0 0 1 1 0 0 0 0 0 1 
0 0 0 1 0 1 0 1 0 0 0 0 0 0 0 0 0 0 1 0 
0 0 0 1 0 0 0 0 0 0 1 0 0 0 0 0 0 0 0 0 
0 0 0 0 1 0 1 0 0 0 0 0 0 0 0 0 0 0 0 0 
0 0 0 0 1 0 0 0 0 0 0 0 0 0 0 1 0 0 0 0 
0 0 0 0 0 0 0 0 0 0 1 0 0 0 1 0 0 0 0 0 

distances
0 1 1.648720
0 2 0.637841
0 3 2.205786
0 4 1.309651
0 5 1.637177
0 6 1.098505
0 7 1.009396
0 8 0.615708
0 9 2.010626
0 10 2.541488
0 11 1.349314
0 12 1.653598
0 13 2.121470
0 14 2.164556
0 15 1.471499
0 16 2.702589
0 17 1.000011
0 18 1.313092
0 19 2.620416
1 2 1.443817
1 3 2.381880
1 4 2.550070
1 5 2.206119
1 6 1.913490
1 7 2.214625
1 8 1.539693
1 9 1.923069
1 10 1.116933
1 11 0.762876
1 12 0.835711
1 13 1.162722
1 14 0.901920
1 15 2.606963
1 16 1.756863
1 17 2.036847
1 18 2.858010
1 19 0.972260
2 3 2.417699
2 4 1.215044
2 5 2.235751
2 6 0.674198
2 7 1.607504
2 8 1.210736
2 9 2.641843
2 10 1.932252
2 11 1.610847
2 12 1.937285
2 13 2.480450
2 14 2.311580
2 15 1.949448
2 16 2.194962
2 17 0.689203
2 18 1.665725
2 19 2.202045
3 4 1.203890
3 5 0.820879
3 6 1.796219
3 7 1.308487
3 8 2.015957
3 9 0.753585
3 10 1.465541
3 11 2.169057
3 12 1.876520
3 13 1.362634
3 14 1.553833
3 15 0.772342
3 16 0.850658
3 17 1.740160
3 18 0.894373
3 19 1.445659
4 5 1.516656
4 6 0.642758
4 7 1.306471
4 8 1.735690
4 9 1.804059
4 10 1.872822
4 11 2.640921
4 12 2.824227
4 13 2.549441
4 14 2.750978
4 15 1.098748
4 16 1.418463
4 17 0.543378
4 18 0.766505
4 19 2.235435
5 6 2.114022
5 7 0.632141
5 8 1.220858
5 9 0.425932
5 10 2.102359
5 11 1.526418
5 12 1.373417
5 13 1.118732
5 14 1.407005
5 15 0.422113
5 16 1.627185
5 17 1.957133
5 18 0.767570
5 19 1.832099
6 7 1.691423
6 8 1.705796
6 9 2.445976
6 10 1.706262
6 11 2.284171
6 12 2.605158
6 13 3.032480
6 14 2.755585
6 15 1.694191
6 16 1.621190
6 17 0.171092
6 18 1.347659
6 19 2.125203
7 8 0.733597
7 9 1.039045
7 10 2.732295
7 11 1.468053
7 12 1.518099
7 13 1.558786
7 14 1.818687
7 15 0.545678
7 16 2.157216
7 17 1.520798
7 18 0.643798
7 19 2.425230
8 9 1.486328
8 10 2.643446
8 11 0.914119
8 12 1.139614
8 13 1.523279
8 14 1.634428
8 15 1.277186
8 16 2.845445
8 17 1.587590
8 18 1.328188
8 19 2.309115
9 10 1.708839
9 11 1.425244
9 12 1.168728
9 13 0.762841
9 14 1.039557
9 15 0.795452
9 16 1.365320
9 17 2.317729
9 18 1.132141
9 19 1.407226
10 11 1.741497
10 12 1.565203
10 13 1.329006
10 14 1.128238
10 15 2.236246
10 16 0.653542
10 17 1.863797
10 18 2.284252
10 19 0.423840
11 12 0.331470
11 13 0.876261
11 14 0.819960
11 15 1.866174
11 16 2.218975
11 17 2.278783
11 18 2.104476
11 19 1.405011
12 13 0.545876
12 14 0.512307
12 15 1.773360
12 16 1.925362
12 17 2.610176
12 18 2.084093
12 19 1.173266
13 14 0.288372
13 15 1.534756
13 16 1.450765
13 17 3.075439
13 18 1.880658
13 19 0.908693
14 15 1.821605
14 16 1.413252
14 17 2.919047
14 18 2.166547
14 19 0.707391
15 16 1.613816
15 17 1.541867
15 18 0.346538
15 19 2.120479
16 17 1.706115
16 18 1.632328
16 19 0.843497
17 18 1.196279
17 19 2.286185
18 19 2.338875

nodes_degrees
0 2
1 2
2 3
3 3
4 2
5 2
6 2
7 2
8 3
9 3
10 2
11 3
12 2
13 2
14 3
15 4
16 2
17 2
18 2
19 2
