points
0 0.3680 2.0732
1 1.9620 2.6546
2 0.9429 1.5716
3 1.8474 5.4263
4 1.1629 0.1566
5 1.2974 4.8090
6 1.1979 0.8528
7 0.6657 4.7794
8 0.5796 3.4618
9 1.7005 4.6701
10 2.8707 1.3751
11 1.4795 3.2588
12 1.7190 3.4886
13 2.0455 3.9513
14 2.2047 3.6676
15 1.1035 5.2125
16 2.5452 6.0658
17 1.0520 0.7536
18 0.9656 5.5835
19 2.8845 3.2496
20 2.5448 2.1901
21 1.1209 1.4541
22 1.5394 2.4461
23 2.9636 3.5560
24 2.6478 3.4982
25 1.1793 5.7933
26 2.1546 4.7980
27 1.4519 2.1956
28 1.2001 1.0633
29 2.8460 0.7225

edges
0 0 1 0 0 0 0 0 1 0 0 0 0 0 0 0 0 0 0 0 0 0 0 0 0 0 0 0 0 0 
0 0 0 0 0 0 0 0 0 0 0 1 0 0 0 0 0 0 0 0 1 0 1 0 0 0 0 0 0 0 
1 0 0 0 0 0 0 0 0 0 0 0 0 0 0 0 0 0 0 0 0 1 0 0 0 0 0 1 0 0 
0 0 0 0 0 0 0 0 0 0 0 0 0 0 0 0 1 0 0 0 0 0 0 0 0 1 1 0 0 0 
0 0 0 0 0 0 0 0 0 0 0 0 0 0 0 0 0 1 0 0 0 0 0 0 0 1 0 0 0 0 
0 0 0 0 0 0 0 0 0 1 0 0 0 0 0 1 0 0 0 0 0 0 0 0 0 0 0 0 0 0 
0 0 0 0 0 0 0 0 0 0 0 0 0 0 0 0 0 1 0 0 0 0 0 0 0 0 0 0 1 0 
0 0 0 0 0 0 0 0 1 0 0 0 0 0 0 1 0 0 0 0 0 0 0 0 0 0 0 0 0 0 
1 0 0 0 0 0 0 1 0 0 0 1 0 0 0 0 0 0 0 0 0 0 0 0 0 0 0 0 0 0 
0 0 0 0 0 1 0 0 0 0 0 0 0 0 0 0 0 0 0 0 0 0 0 0 0 0 1 0 0 0 
0 0 0 0 0 0 0 0 0 0 0 0 0 0 0 0 0 0 0 0 1 0 0 1 0 0 0 0 0 1 
0 1 0 0 0 0 0 0 1 0 0 0 1 0 0 0 0 0 0 0 0 0 0 0 0 0 0 0 0 0 
0 0 0 0 0 0 0 0 0 0 0 1 0 0 1 0 0 0 0 0 0 0 0 0 0 0 0 0 0 0 
0 0 0 0 0 0 0 0 0 0 0 0 0 0 1 0 0 0 0 0 0 0 0 0 0 0 1 0 0 0 
0 0 0 0 0 0 0 0 0 0 0 0 1 1 0 0 0 0 0 0 0 0 0 0 1 0 0 0 0 0 
0 0 0 0 0 1 0 1 0 0 0 0 0 0 0 0 0 0 1 0 0 0 0 0 0 0 0 0 0 0 
0 0 0 1 0 0 0 0 0 0 0 0 0 0 0 0 0 0 0 0 0 0 0 0 0 0 0 0 0 1 
0 0 0 0 1 0 1 0 0 0 0 0 0 0 0 0 0 0 0 0 0 0 0 0 0 0 0 0 0 0 
0 0 0 0 0 0 0 0 0 0 0 0 0 0 0 1 0 0 0 0 0 0 0 0 0 1 0 0 0 0 
0 0 0 0 0 0 0 0 0 0 0 0 0 0 0 0 0 0 0 0 0 0 0 1 1 0 0 0 0 0 
0 1 0 0 0 0 0 0 0 0 1 0 0 0 0 0 0 0 0 0 0 0 0 0 0 0 0 0 0 0 
0 0 1 0 0 0 0 0 0 0 0 0 0 0 0 0 0 0 0 0 0 0 0 0 0 0 0 0 1 0 
0 1 0 0 0 0 0 0 0 0 0 0 0 0 0 0 0 0 0 0 0 0 0 0 0 0 0 1 0 0 
0 0 0 0 0 0 0 0 0 0 1 0 0 0 0 0 0 0 0 1 0 0 0 0 0 0 0 0 0 0 
0 0 0 0 0 0 0 0 0 0 0 0 0 0 1 0 0 0 0 1 0 0 0 0 0 0 0 0 0 0 
0 0 0 1 1 0 0 0 0 0 0 0 0 0 0 0 0 0 1 0 0 0 0 0 0 0 0 0 0 0 
0 0 0 1 0 0 0 0 0 1 0 0 0 1 0 0 0 0 0 0 0 0 0 0 0 0 0 0 0 0 
0 0 1 0 0 0 0 0 0 0 0 0 0 0 0 0 0 0 0 0 0 0 1 0 0 0 0 0 0 0 
0 0 0 0 0 0 1 0 0 0 0 0 0 0 0 0 0 0 0 0 0 1 0 0 0 0 0 0 0 0 
0 0 0 0 0 0 0 0 0 0 1 0 0 0 0 0 1 0 0 0 0 0 0 0 0 0 0 0 0 0 

distances
0 1 1.648720
0 2 0.637841
0 3 2.205786
0 4 1.309651
0 5 1.637177
0 6 1.098505
0 7 1.009396
0 8 0.615708
0 9 2.010626
0 10 2.541488
0 11 1.349314
0 12 1.653598
0 13 2.121470
0 14 2.164556
0 15 1.471499
0 16 2.702589
0 17 1.000011
0 18 1.313092
0 19 2.620416
0 20 2.178480
0 21 0.837148
0 22 1.198076
0 23 2.720664
0 24 2.492804
0 25 1.493115
0 26 2.479597
0 27 1.086921
0 28 1.028179
0 29 2.625395
1 2 1.443817
1 3 2.381880
1 4 2.550070
1 5 2.206119
1 6 1.913490
1 7 2.214625
1 8 1.539693
1 9 1.923069
1 10 1.116933
1 11 0.762876
1 12 0.835711
1 13 1.162722
1 14 0.901920
1 15 2.606963
1 16 1.756863
1 17 2.036847
1 18 2.858010
1 19 0.972260
1 20 0.676325
1 21 1.434936
1 22 0.469014
1 23 1.073738
1 24 0.893060
1 25 3.138903
1 26 1.780074
1 27 0.679818
1 28 1.727231
1 29 1.297851
2 3 2.417699
2 4 1.215044
2 5 2.235751
2 6 0.674198
2 7 1.607504
2 8 1.210736
2 9 2.641843
2 10 1.932252
2 11 1.610847
2 12 1.937285
2 13 2.480450
2 14 2.311580
2 15 1.949448
2 16 2.194962
2 17 0.689203
2 18 1.665725
2 19 2.202045
2 20 1.686405
2 21 0.204439
2 22 1.003645
2 23 2.259776
2 24 2.279541
2 25 1.699499
2 26 3.059123
2 27 0.764395
2 28 0.512048
2 29 1.989109
3 4 1.203890
3 5 0.820879
3 6 1.796219
3 7 1.308487
3 8 2.015957
3 9 0.753585
3 10 1.465541
3 11 2.169057
3 12 1.876520
3 13 1.362634
3 14 1.553833
3 15 0.772342
3 16 0.850658
3 17 1.740160
3 18 0.894373
3 19 1.445659
3 20 1.888439
3 21 2.350391
3 22 2.849320
3 23 1.350497
3 24 1.489710
3 25 0.758620
3 26 0.643669
3 27 2.961350
3 28 1.988731
3 29 1.308976
4 5 1.516656
4 6 0.642758
4 7 1.306471
4 8 1.735690
4 9 1.804059
4 10 1.872822
4 11 2.640921
4 12 2.824227
4 13 2.549441
4 14 2.750978
4 15 1.098748
4 16 1.418463
4 17 0.543378
4 18 0.766505
4 19 2.235435
4 20 2.163234
4 21 1.164061
4 22 2.203890
4 23 2.150253
4 24 2.458624
4 25 0.594118
4 26 1.847282
4 27 1.943658
4 28 0.835168
4 29 1.725164
5 6 2.114022
5 7 0.632141
5 8 1.220858
5 9 0.425932
5 10 2.102359
5 11 1.526418
5 12 1.373417
5 13 1.118732
5 14 1.407005
5 15 0.422113
5 16 1.627185
5 17 1.957133
5 18 0.767570
5 19 1.832099
5 20 2.335329
5 21 2.389089
5 22 2.313906
5 23 1.784896
5 24 1.691517
5 25 0.932787
5 26 0.857264
5 27 2.487733
5 28 2.266341
5 29 2.007117
6 7 1.691423
6 8 1.705796
6 9 2.445976
6 10 1.706262
6 11 2.284171
6 12 2.605158
6 13 3.032480
6 14 2.755585
6 15 1.694191
6 16 1.621190
6 17 0.171092
6 18 1.347659
6 19 2.125203
6 20 1.752029
6 21 0.554913
6 22 1.580305
6 23 2.103486
6 24 2.358816
6 25 1.230597
6 26 2.404103
6 27 1.315822
6 28 0.196082
6 29 1.650407
7 8 0.733597
7 9 1.039045
7 10 2.732295
7 11 1.468053
7 12 1.518099
7 13 1.558786
7 14 1.818687
7 15 0.545678
7 16 2.157216
7 17 1.520798
7 18 0.643798
7 19 2.425230
7 20 2.811532
7 21 1.777029
7 22 1.984174
7 23 2.399167
7 24 2.225519
7 25 0.924991
7 26 1.488989
7 27 2.011976
7 28 1.770447
7 29 2.610078
8 9 1.486328
8 10 2.643446
8 11 0.914119
8 12 1.139614
8 13 1.523279
8 14 1.634428
8 15 1.277186
8 16 2.845445
8 17 1.587590
8 18 1.328188
8 19 2.309115
8 20 2.215999
8 21 1.415004
8 22 1.250584
8 23 2.384626
8 24 2.068396
8 25 1.600571
8 26 1.933663
8 27 1.305349
8 28 1.643673
8 29 2.815194
9 10 1.708839
9 11 1.425244
9 12 1.168728
9 13 0.762841
9 14 1.039557
9 15 0.795452
9 16 1.365320
9 17 2.317729
9 18 1.132141
9 19 1.407226
9 20 1.909975
9 21 2.813641
9 22 2.222312
9 23 1.364619
9 24 1.269840
9 25 1.216062
9 26 0.469271
9 27 2.479759
9 28 2.631871
9 29 1.647142
10 11 1.741497
10 12 1.565203
10 13 1.329006
10 14 1.128238
10 15 2.236246
10 16 0.653542
10 17 1.863797
10 18 2.284252
10 19 0.423840
10 20 0.450746
10 21 1.750564
10 22 1.472706
10 23 0.399735
10 24 0.673106
10 25 2.025703
10 26 1.248647
10 27 1.503866
10 28 1.682694
10 29 0.180931
11 12 0.331470
11 13 0.876261
11 14 0.819960
11 15 1.866174
11 16 2.218975
11 17 2.278783
11 18 2.104476
11 19 1.405011
11 20 1.375629
11 21 1.739796
11 22 0.813167
11 23 1.491856
11 24 1.182885
11 25 2.376358
11 26 1.594803
11 27 1.057042
11 28 2.105787
11 29 1.902622
12 13 0.545876
12 14 0.512307
12 15 1.773360
12 16 1.925362
12 17 2.610176
12 18 2.084093
12 19 1.173266
12 20 1.295715
12 21 2.051673
12 22 1.054507
12 23 1.245020
12 24 0.928827
12 25 2.303195
12 26 1.271703
12 27 1.316256
12 28 2.417045
12 29 1.697921
13 14 0.288372
13 15 1.534756
13 16 1.450765
13 17 3.075439
13 18 1.880658
13 19 0.908693
13 20 1.283389
13 21 2.566384
13 22 1.526858
13 23 0.933299
13 24 0.673735
13 25 1.976482
13 26 0.732417
13 27 1.789112
13 28 2.888258
13 29 1.390685
14 15 1.821605
14 16 1.413252
14 17 2.919047
14 18 2.166547
14 19 0.707391
14 20 1.009722
14 21 2.335658
14 22 1.310860
14 23 0.760189
14 24 0.455683
14 25 2.237486
14 26 0.910866
14 27 1.562140
14 28 2.605564
14 29 1.227693
15 16 1.613816
15 17 1.541867
15 18 0.346538
15 19 2.120479
15 20 2.627598
15 21 2.048687
15 22 2.525485
15 23 2.045290
15 24 2.045615
15 25 0.531971
15 26 1.122384
15 27 2.543072
15 28 1.855716
15 29 2.080936
16 17 1.706115
16 18 1.632328
16 19 0.843497
16 20 1.104028
16 21 1.993951
16 22 2.122815
16 23 0.746534
16 24 1.041433
16 25 1.385428
16 26 0.932438
16 27 2.110915
16 28 1.721335
16 29 0.477824
17 18 1.196279
17 19 2.286185
17 20 1.922801
17 21 0.620683
17 22 1.660729
17 23 2.256216
17 24 2.525590
17 25 1.107089
17 26 2.377655
17 27 1.400406
17 28 0.315812
17 29 1.794125
18 19 2.338875
18 20 2.734265
18 21 1.731774
18 22 2.504988
18 23 2.244836
18 24 2.336128
18 25 0.281699
18 26 1.398382
18 27 2.381041
18 28 1.511073
18 29 2.104561
19 20 0.515841
19 21 2.061898
19 22 1.424206
19 23 0.102255
19 24 0.252014
19 25 2.169159
19 26 1.002928
19 27 1.560767
19 28 2.079670
19 29 0.526307
20 21 1.555418
20 22 1.026934
20 23 0.583898
20 24 0.647648
20 25 2.466609
20 26 1.518552
20 27 1.092910
20 28 1.645503
20 29 0.629820
21 22 1.040264
21 23 2.104533
21 24 2.186427
21 25 1.708766
21 26 2.920802
21 27 0.779922
21 28 0.366509
21 29 1.793449
22 23 1.522967
22 24 1.362072
22 25 2.673534
22 26 2.219890
22 27 0.264595
22 28 1.384234
22 29 1.645213
23 24 0.316251
23 25 2.067720
23 26 0.939495
23 27 1.650908
23 28 2.080625
23 29 0.468232
24 25 2.247577
24 26 0.938227
24 27 1.550530
24 28 2.284932
24 29 0.776428
25 26 1.359808
25 27 2.463432
25 28 1.416786
25 29 1.844779
26 27 2.459604
26 28 2.576528
26 29 1.178026
27 28 1.119741
27 29 1.656158
28 29 1.661570

nodes_degrees
0 2
1 3
2 3
3 3
4 2
5 2
6 2
7 2
8 3
9 2
10 3
11 3
12 2
13 2
14 3
15 3
16 2
17 2
18 2
19 2
20 2
21 2
22 2
23 2
24 2
25 3
26 3
27 2
28 2
29 2
